
Array Size = 96
    97     5    17    85    17    23    48    79    65    49
    17    87    15    94    20    34    62    23    18    88
    27    90    13    52    47    54    91    19    32    87
     3    31    50    29    88    81    23    38    25     3
    58    30    95    23     1    46     5    96    91    39
    86    11    16    11    15    39    33    91    71     7
    29    64     5    92    44    43    95     7    53    38
     9    29    67    87    67    73    45    62    31    28
    74    43    50    52    29    81    61    52    16    12
     0    96    89    62    70    46

Array Size = 40
  1004  1006  1008  1014  1015  1016  1023  1030  1031  1031
  1042  1047  1048  1051  1053  1058  1058  1061  1062  1066
  1066  1067  1067  1068  1068  1072  1073  1074  1075  1077
  1077  1079  1086  1088  1089  1091  1093  1093  1094  1099


Array Size = 58
  2069  2042  2041  2088  2036  2058  2076  2042  2022  2018
  2085  2017  2061  2018  2029  2076  2042  2096  2077  2065
  2041  2074  2080  2020  2020  2028  2070  2092  2079  2057
  2094  2096  2081  2040  2090  2031  2031  2070  2089  2018
  2083  2037  2083  2070  2029  2095  2033  2091  2019  2038
  2037  2043  2052  2010  2008  2097  2051  2098

Array Size = 98
  3000  3000  3001  3001  3001  3002  3003  3003  3005  3006
  3006  3006  3008  3009  3009  3011  3012  3014  3014  3015
  3015  3016  3017  3020  3020  3021  3021  3023  3025  3025
  3027  3027  3032  3034  3034  3035  3036  3036  3037  3039
  3039  3039  3040  3041  3043  3044  3047  3048  3048  3048
  3049  3049  3050  3053  3054  3054  3055  3055  3055  3055
  3055  3056  3057  3059  3061  3062  3062  3062  3065  3065
  3066  3067  3069  3072  3072  3076  3077  3078  3080  3080
  3085  3085  3086  3087  3087  3088  3088  3088  3089  3089
  3089  3089  3094  3094  3095  3096  3099  3099

Array Size = 37
  4010  4060  4088  4062  4066  4034  4016  4007  4038  4038
  4083  4086  4092  4080  4029  4061  4081  4035  4077  4075
  4022  4022  4044  4008  4067  4059  4016  4037  4062  4032
  4060  4047  4021  4023  4073  4061  4095

Array Size = 67
  5000  5001  5004  5005  5007  5008  5009  5009  5011  5011
  5015  5017  5020  5026  5026  5026  5026  5026  5027  5027
  5027  5030  5031  5034  5034  5036  5036  5038  5039  5039
  5039  5041  5042  5042  5043  5046  5048  5050  5051  5053
  5053  5053  5057  5058  5059  5061  5065  5066  5071  5076
  5080  5080  5080  5081  5081  5082  5083  5083  5084  5085
  5087  5088  5090  5092  5094  5097  5098

Array Size = 18
  6043  6078  6013  6087  6074  6013  6098  6057  6071  6026
  6040  6026  6022  6049  6015  6052  6006  6025

Array Size = 49
  7000  7000  7001  7004  7009  7014  7015  7018  7021  7022
  7029  7031  7031  7033  7034  7035  7035  7037  7041  7042
  7045  7047  7048  7053  7056  7057  7057  7059  7059  7062
  7064  7069  7071  7072  7073  7074  7075  7075  7076  7077
  7079  7081  7082  7088  7089  7093  7094  7095  7099

Array Size = 51
  8081  8079  8037  8071  8023  8004  8020  8002  8039  8010
  8009  8081  8079  8037  8056  8045  8008  8045  8075  8076
  8042  8072  8017  8086  8020  8045  8070  8093  8039  8054
  8000  8088  8002  8089  8088  8075  8066  8012  8087  8037
  8093  8005  8051  8089  8062  8087  8079  8070  8082  8064
  8088

Array Size = 11
  9007  9010  9015  9034  9047  9071  9073  9076  9085  9093
  9099

Array Size = 85
 10063 10032 10026 10045 10008 10059 10090 10074 10002 10026
 10083 10026 10093 10095 10072 10031 10087 10057 10018 10081
 10066 10080 10051 10066 10000 10030 10092 10044 10069 10021
 10006 10022 10086 10004 10099 10083 10004 10091 10073 10008
 10065 10062 10054 10034 10024 10079 10021 10061 10044 10099
 10073 10070 10030 10086 10096 10012 10018 10046 10070 10049
 10019 10051 10033 10072 10003 10060 10082 10053 10050 10075
 10029 10034 10072 10039 10047 10063 10085 10012 10089 10084
 10017 10001 10075 10068 10057

Array Size = 74
 11001 11002 11002 11003 11004 11006 11006 11006 11007 11007
 11007 11007 11009 11010 11010 11012 11013 11014 11014 11014
 11017 11017 11017 11018 11019 11021 11023 11024 11028 11030
 11030 11031 11031 11032 11033 11035 11037 11039 11040 11040
 11044 11046 11049 11049 11051 11053 11054 11055 11057 11060
 11062 11063 11063 11066 11068 11069 11070 11072 11074 11076
 11080 11080 11081 11083 11085 11088 11089 11090 11091 11092
 11096 11097 11098 11099

Array Size = 97
 12006 12020 12028 12060 12095 12047 12062 12006 12084 12066
 12022 12068 12036 12053 12021 12079 12053 12033 12018 12072
 12058 12021 12045 12069 12070 12019 12049 12065 12014 12096
 12030 12074 12092 12076 12038 12019 12065 12016 12083 12099
 12032 12000 12092 12016 12056 12067 12078 12095 12076 12050
 12053 12095 12050 12099 12043 12047 12082 12025 12080 12036
 12089 12085 12025 12080 12092 12094 12073 12082 12065 12074
 12016 12009 12050 12027 12039 12095 12077 12067 12043 12087
 12007 12080 12066 12094 12034 12089 12026 12018 12071 12057
 12099 12044 12028 12078 12089 12075 12029

Array Size = 49
 13000 13002 13003 13004 13010 13012 13014 13016 13018 13019
 13021 13022 13025 13026 13028 13031 13033 13033 13037 13037
 13039 13040 13041 13041 13043 13047 13048 13049 13052 13053
 13053 13053 13056 13058 13061 13067 13067 13070 13071 13072
 13074 13078 13078 13083 13084 13084 13087 13087 13091

Array Size = 23
 14082 14008 14078 14020 14075 14093 14097 14060 14005 14075
 14052 14064 14012 14020 14082 14008 14043 14025 14041 14072
 14058 14078 14027

Array Size = 10
 15031 15035 15040 15053 15055 15063 15069 15077 15093 15099


Array Size = 73
 16061 16068 16008 16027 16035 16019 16052 16053 16068 16058
 16045 16054 16097 16054 16033 16066 16046 16052 16038 16029
 16058 16063 16092 16077 16074 16007 16024 16016 16069 16028
 16083 16048 16072 16026 16047 16021 16021 16042 16080 16061
 16025 16015 16037 16078 16060 16082 16021 16022 16073 16088
 16010 16069 16098 16055 16043 16005 16014 16028 16034 16098
 16047 16032 16087 16095 16025 16040 16037 16087 16035 16062
 16075 16042 16021

Array Size = 47
 17001 17003 17008 17009 17010 17012 17013 17014 17017 17019
 17020 17022 17023 17024 17027 17028 17029 17029 17029 17029
 17030 17030 17031 17033 17034 17035 17038 17040 17041 17048
 17049 17056 17062 17067 17067 17068 17069 17069 17070 17077
 17081 17082 17085 17089 17091 17094 17099

Array Size = 35
 18081 18021 18052 18097 18082 18051 18095 18031 18091 18039
 18068 18030 18061 18014 18045 18019 18038 18049 18011 18089
 18041 18019 18059 18000 18087 18071 18020 18051 18009 18001
 18081 18019 18096 18014 18019

Array Size = 28
 19002 19005 19007 19011 19012 19013 19015 19023 19023 19030
 19038 19038 19040 19040 19047 19051 19053 19060 19060 19064
 19066 19073 19073 19086 19091 19092 19099 19099

Array Size = 88
 20008 20064 20094 20065 20092 20099 20017 20011 20015 20047
 20011 20057 20099 20090 20085 20077 20087 20038 20036 20040
 20006 20067 20012 20078 20023 20062 20029 20024 20010 20089
 20067 20071 20036 20052 20035 20021 20024 20012 20057 20047
 20032 20003 20066 20044 20057 20062 20072 20097 20053 20073
 20045 20008 20099 20025 20089 20063 20045 20086 20036 20094
 20024 20024 20061 20019 20073 20072 20047 20091 20054 20002
 20039 20052 20033 20027 20026 20018 20069 20016 20013 20087
 20035 20092 20031 20077 20064 20000 20098 20010

Array Size = 80
 21000 21001 21002 21004 21006 21006 21006 21007 21009 21013
 21013 21014 21015 21021 21022 21025 21026 21026 21027 21028
 21029 21029 21030 21030 21033 21033 21033 21035 21035 21035
 21036 21037 21038 21039 21040 21043 21045 21046 21047 21047
 21047 21048 21049 21052 21052 21054 21054 21058 21060 21061
 21062 21064 21064 21066 21066 21067 21068 21068 21068 21072
 21072 21074 21077 21078 21079 21079 21079 21080 21083 21084
 21084 21085 21086 21088 21088 21090 21091 21093 21096 21097


Array Size = 89
 22056 22039 22094 22074 22095 22033 22001 22033 22037 22017
 22067 22025 22022 22044 22049 22027 22016 22071 22012 22021
 22085 22091 22001 22024 22079 22037 22072 22054 22075 22097
 22077 22087 22071 22075 22012 22086 22022 22075 22047 22084
 22054 22008 22071 22085 22028 22056 22090 22016 22075 22037
 22075 22030 22006 22044 22077 22030 22064 22040 22068 22064
 22076 22091 22016 22041 22054 22057 22025 22096 22041 22055
 22090 22093 22046 22095 22097 22047 22082 22089 22079 22080
 22005 22087 22083 22017 22050 22088 22036 22098 22034

Array Size = 62
 23000 23000 23000 23000 23001 23003 23004 23005 23005 23006
 23006 23006 23007 23007 23009 23009 23010 23012 23012 23013
 23014 23016 23016 23016 23019 23020 23021 23025 23028 23031
 23032 23033 23036 23039 23040 23040 23044 23050 23054 23055
 23056 23059 23061 23062 23062 23064 23070 23071 23071 23073
 23074 23075 23075 23077 23078 23082 23092 23092 23094 23095
 23098 23098

Array Size = 67
 24059 24057 24046 24073 24082 24088 24062 24050 24036 24075
 24018 24064 24094 24052 24020 24038 24007 24088 24040 24017
 24071 24089 24047 24013 24096 24077 24016 24084 24063 24089
 24062 24074 24050 24008 24048 24085 24079 24024 24068 24098
 24005 24087 24000 24074 24017 24032 24060 24017 24061 24041
 24055 24082 24007 24005 24071 24081 24011 24056 24099 24084
 24062 24093 24036 24045 24026 24051 24052

Array Size = 40
 25001 25002 25005 25006 25006 25009 25010 25011 25021 25022
 25024 25024 25026 25029 25031 25033 25034 25038 25041 25043
 25043 25044 25055 25057 25058 25059 25062 25070 25070 25073
 25075 25075 25077 25081 25083 25086 25091 25097 25098 25099


Array Size = 82
 26027 26045 26093 26055 26067 26071 26085 26085 26086 26020
 26027 26045 26077 26057 26099 26050 26009 26014 26011 26099
 26040 26031 26066 26040 26010 26002 26004 26034 26072 26083
 26041 26077 26057 26089 26089 26032 26034 26045 26087 26008
 26076 26080 26024 26042 26083 26089 26079 26056 26004 26077
 26097 26011 26036 26052 26070 26084 26090 26098 26024 26029
 26090 26043 26094 26073 26002 26009 26025 26065 26089 26080
 26004 26078 26013 26011 26090 26048 26072 26031 26091 26067
 26052 26006

Array Size = 97
 27001 27001 27002 27002 27002 27005 27005 27006 27006 27009
 27010 27012 27012 27012 27014 27015 27015 27016 27016 27017
 27017 27019 27020 27022 27022 27022 27022 27022 27024 27024
 27025 27027 27029 27029 27030 27030 27033 27033 27034 27034
 27034 27034 27037 27043 27043 27044 27045 27049 27050 27050
 27050 27051 27052 27052 27055 27056 27062 27062 27062 27064
 27064 27065 27066 27067 27068 27068 27069 27069 27071 27072
 27075 27076 27076 27077 27078 27078 27079 27079 27079 27081
 27082 27082 27083 27084 27085 27087 27087 27090 27090 27091
 27092 27092 27092 27097 27098 27099 27099

Array Size = 97
 28075 28064 28027 28002 28027 28048 28027 28080 28089 28035
 28076 28015 28043 28077 28063 28045 28064 28048 28073 28094
 28034 28033 28001 28020 28056 28018 28030 28022 28057 28021
 28091 28079 28017 28018 28043 28019 28035 28043 28052 28001
 28026 28071 28053 28046 28015 28034 28081 28022 28015 28076
 28000 28072 28096 28075 28088 28007 28015 28034 28049 28046
 28010 28004 28091 28008 28072 28008 28078 28070 28001 28086
 28078 28042 28020 28035 28058 28041 28093 28098 28052 28087
 28085 28054 28072 28025 28076 28001 28076 28075 28025 28035
 28092 28092 28061 28060 28024 28038 28003

Array Size = 83
 29000 29001 29002 29002 29005 29007 29009 29010 29010 29011
 29013 29015 29015 29017 29018 29019 29021 29021 29022 29024
 29027 29028 29029 29031 29034 29035 29038 29038 29039 29039
 29039 29039 29040 29041 29043 29043 29043 29044 29046 29046
 29047 29051 29051 29051 29051 29052 29053 29054 29055 29055
 29057 29059 29059 29060 29063 29064 29064 29066 29068 29069
 29069 29070 29072 29073 29077 29079 29079 29082 29082 29084
 29085 29088 29089 29089 29090 29091 29093 29093 29093 29094
 29097 29098 29099

Array Size = 21
 30082 30032 30015 30058 30047 30039 30099 30091 30090 30054
 30037 30087 30040 30088 30071 30005 30055 30091 30045 30057
 30057

Array Size = 40
 31001 31008 31010 31013 31016 31020 31022 31022 31026 31032
 31036 31037 31042 31044 31048 31049 31052 31056 31059 31060
 31061 31063 31067 31069 31070 31070 31075 31076 31079 31081
 31083 31084 31084 31093 31093 31097 31097 31098 31099 31099


Array Size = 14
 32008 32038 32090 32099 32021 32025 32004 32077 32051 32036
 32015 32064 32086 32071

Array Size = 56
 33000 33003 33007 33009 33014 33014 33015 33015 33017 33018
 33019 33021 33024 33029 33029 33030 33035 33039 33040 33042
 33044 33044 33046 33052 33053 33053 33054 33058 33058 33059
 33063 33063 33063 33064 33064 33065 33068 33071 33072 33073
 33073 33075 33076 33077 33080 33080 33084 33089 33090 33092
 33092 33094 33095 33096 33096 33098

Array Size = 32
 34026 34055 34054 34024 34023 34057 34093 34053 34003 34066
 34054 34074 34055 34007 34068 34049 34034 34083 34017 34024
 34094 34004 34061 34028 34036 34004 34022 34057 34012 34090
 34001 34074

Array Size = 62
 35000 35001 35002 35003 35003 35004 35006 35007 35008 35012
 35012 35015 35017 35017 35020 35021 35023 35024 35026 35026
 35027 35029 35030 35031 35036 35037 35038 35039 35043 35047
 35047 35047 35049 35051 35052 35053 35058 35064 35065 35066
 35070 35070 35070 35072 35072 35074 35075 35077 35079 35079
 35079 35079 35080 35082 35084 35084 35088 35090 35090 35091
 35095 35099

Array Size = 27
 36073 36069 36023 36094 36083 36027 36063 36053 36091 36073
 36080 36027 36095 36040 36012 36093 36019 36048 36087 36074
 36044 36050 36053 36088 36064 36039 36026

Array Size = 76
 37000 37001 37002 37005 37006 37008 37011 37012 37012 37012
 37013 37015 37016 37016 37016 37017 37017 37018 37019 37022
 37027 37027 37027 37028 37030 37031 37031 37031 37034 37034
 37038 37039 37039 37039 37041 37045 37045 37046 37047 37048
 37049 37050 37050 37055 37058 37059 37061 37061 37061 37063
 37064 37065 37065 37067 37069 37070 37071 37072 37074 37074
 37075 37075 37080 37081 37081 37082 37084 37086 37087 37088
 37088 37089 37090 37091 37095 37098

Array Size = 39
 38015 38075 38065 38043 38030 38020 38061 38048 38009 38060
 38099 38028 38093 38048 38047 38095 38033 38073 38085 38029
 38036 38008 38088 38080 38036 38014 38033 38085 38099 38047
 38017 38000 38026 38054 38012 38078 38068 38069 38019

Array Size = 85
 39001 39001 39003 39005 39008 39008 39011 39011 39012 39015
 39016 39026 39027 39028 39031 39032 39032 39034 39035 39036
 39037 39037 39038 39038 39039 39040 39040 39042 39043 39044
 39045 39046 39046 39047 39047 39047 39048 39048 39048 39049
 39052 39053 39053 39055 39055 39057 39057 39059 39059 39059
 39061 39062 39063 39063 39064 39065 39067 39068 39070 39070
 39070 39071 39073 39075 39075 39077 39079 39080 39081 39083
 39084 39084 39086 39090 39092 39093 39094 39095 39096 39097
 39097 39097 39098 39099 39099

Array Size = 68
 40086 40097 40092 40018 40008 40083 40018 40083 40085 40090
 40056 40094 40017 40077 40073 40020 40057 40008 40033 40046
 40011 40034 40031 40026 40016 40021 40059 40060 40021 40040
 40007 40026 40062 40082 40052 40035 40023 40025 40076 40035
 40003 40060 40094 40080 40083 40093 40008 40024 40009 40053
 40047 40099 40051 40014 40011 40093 40056 40023 40073 40095
 40092 40080 40012 40025 40019 40009 40007 40071

Array Size = 63
 41000 41002 41002 41003 41006 41007 41008 41010 41010 41013
 41018 41019 41019 41022 41023 41023 41024 41026 41030 41030
 41031 41031 41036 41045 41047 41048 41048 41051 41052 41053
 41055 41055 41057 41057 41059 41060 41063 41063 41072 41072
 41074 41075 41077 41078 41079 41081 41081 41083 41084 41086
 41087 41087 41091 41091 41093 41094 41094 41095 41097 41098
 41099 41099 41099

Array Size = 58
 42025 42057 42012 42058 42000 42001 42057 42091 42046 42071
 42015 42011 42030 42061 42036 42030 42069 42061 42055 42080
 42029 42006 42068 42073 42061 42022 42049 42068 42044 42022
 42079 42096 42080 42060 42008 42055 42000 42025 42079 42006
 42049 42038 42052 42099 42021 42037 42085 42063 42071 42092
 42011 42031 42084 42028 42022 42050 42024 42035

Array Size = 56
 43001 43004 43005 43007 43009 43011 43012 43013 43013 43017
 43017 43017 43022 43023 43026 43033 43033 43033 43033 43035
 43036 43036 43037 43039 43040 43041 43042 43048 43049 43049
 43049 43053 43058 43061 43065 43065 43066 43067 43069 43070
 43073 43074 43077 43079 43082 43083 43084 43084 43085 43085
 43086 43089 43094 43095 43095 43099

Array Size = 59
 44042 44028 44090 44097 44000 44066 44093 44006 44035 44044
 44098 44009 44090 44035 44072 44093 44072 44075 44054 44048
 44091 44041 44063 44054 44069 44009 44082 44060 44042 44079
 44089 44046 44099 44094 44067 44012 44025 44038 44070 44025
 44083 44079 44031 44075 44027 44032 44008 44038 44036 44095
 44081 44049 44000 44069 44065 44070 44096 44029 44068

Array Size = 95
 45000 45001 45001 45002 45003 45004 45005 45008 45008 45009
 45009 45012 45012 45013 45014 45015 45015 45016 45016 45017
 45017 45018 45019 45021 45022 45022 45022 45026 45027 45029
 45030 45030 45031 45031 45032 45032 45032 45033 45033 45034
 45034 45037 45038 45039 45039 45040 45041 45041 45042 45043
 45044 45044 45045 45045 45046 45046 45047 45049 45050 45050
 45056 45056 45056 45058 45058 45058 45059 45062 45063 45063
 45063 45064 45066 45067 45067 45067 45071 45073 45073 45073
 45075 45076 45078 45079 45085 45086 45087 45087 45089 45091
 45091 45091 45094 45095 45097

Array Size = 75
 46091 46037 46093 46015 46012 46075 46035 46072 46056 46022
 46064 46068 46008 46015 46099 46054 46038 46044 46000 46077
 46013 46040 46014 46022 46083 46081 46040 46023 46028 46094
 46080 46066 46098 46048 46017 46012 46079 46078 46087 46025
 46025 46045 46048 46013 46055 46002 46095 46062 46064 46002
 46059 46049 46012 46015 46054 46068 46025 46042 46091 46050
 46006 46068 46067 46030 46049 46008 46082 46086 46031 46086
 46050 46029 46070 46066 46000

Array Size = 87
 47000 47002 47003 47004 47005 47005 47007 47010 47011 47012
 47013 47014 47015 47015 47015 47016 47017 47018 47022 47023
 47024 47025 47025 47026 47026 47027 47028 47031 47033 47033
 47035 47036 47037 47037 47038 47041 47042 47042 47043 47044
 47045 47045 47047 47047 47048 47049 47049 47051 47051 47051
 47052 47052 47053 47054 47054 47055 47056 47057 47059 47061
 47062 47066 47067 47068 47068 47069 47071 47071 47071 47071
 47072 47072 47072 47072 47073 47076 47079 47079 47080 47082
 47089 47089 47091 47097 47097 47097 47098

Array Size = 26
 48006 48057 48020 48079 48003 48059 48026 48020 48068 48069
 48067 48086 48030 48056 48018 48035 48001 48039 48091 48053
 48064 48007 48088 48098 48012 48063

Array Size = 69
 49000 49001 49001 49005 49005 49008 49008 49009 49014 49015
 49015 49015 49016 49019 49020 49020 49021 49025 49025 49027
 49027 49028 49031 49031 49032 49032 49032 49035 49038 49039
 49040 49043 49045 49046 49046 49047 49047 49048 49048 49050
 49053 49054 49059 49061 49063 49066 49066 49066 49069 49070
 49070 49072 49074 49076 49077 49079 49079 49080 49082 49083
 49084 49084 49085 49086 49086 49092 49095 49098 49098

Array Size = 71
 50084 50060 50006 50085 50019 50025 50050 50081 50048 50069
 50014 50048 50028 50092 50016 50065 50044 50091 50019 50068
 50023 50083 50062 50050 50088 50034 50012 50005 50008 50015
 50077 50051 50015 50085 50018 50007 50048 50031 50046 50037
 50015 50003 50029 50082 50075 50017 50077 50062 50081 50095
 50089 50035 50037 50039 50027 50078 50015 50014 50024 50061
 50028 50008 50026 50080 50064 50093 50066 50039 50064 50030
 50071

Array Size = 24
 51006 51008 51009 51011 51015 51018 51020 51024 51026 51028
 51037 51038 51061 51063 51065 51066 51068 51076 51078 51080
 51082 51084 51085 51090

Array Size = 38
 52094 52092 52074 52084 52016 52011 52043 52029 52005 52099
 52002 52097 52012 52075 52080 52010 52017 52030 52020 52073
 52047 52020 52017 52084 52061 52058 52034 52090 52092 52085
 52037 52078 52082 52076 52089 52065 52021 52075

Array Size = 83
 53005 53009 53011 53012 53013 53016 53017 53018 53019 53021
 53022 53023 53024 53025 53025 53028 53029 53030 53033 53034
 53035 53035 53036 53038 53038 53039 53042 53046 53047 53047
 53047 53048 53048 53049 53051 53052 53053 53054 53055 53055
 53055 53057 53058 53059 53060 53060 53061 53062 53065 53065
 53066 53066 53067 53068 53068 53069 53070 53071 53072 53073
 53073 53077 53078 53078 53078 53078 53079 53081 53083 53084
 53085 53089 53090 53093 53094 53094 53095 53097 53097 53097
 53098 53099 53099

Array Size = 24
 54075 54062 54057 54073 54017 54016 54086 54036 54017 54077
 54025 54093 54035 54008 54039 54012 54068 54029 54011 54026
 54036 54094 54090 54048

Array Size = 26
 55004 55007 55008 55012 55015 55021 55022 55025 55030 55036
 55044 55047 55051 55057 55058 55061 55065 55065 55066 55068
 55069 55075 55076 55086 55091 55097

Array Size = 94
 56042 56037 56046 56057 56054 56056 56088 56045 56082 56061
 56083 56019 56049 56034 56045 56048 56011 56001 56087 56086
 56079 56048 56023 56010 56071 56058 56097 56079 56087 56079
 56067 56000 56094 56050 56043 56016 56096 56046 56047 56089
 56002 56094 56073 56033 56083 56052 56048 56045 56022 56034
 56090 56080 56066 56067 56083 56021 56005 56040 56011 56071
 56087 56027 56012 56036 56059 56024 56099 56017 56037 56019
 56046 56037 56033 56095 56070 56036 56063 56031 56054 56026
 56045 56054 56020 56007 56014 56092 56086 56006 56071 56086
 56084 56027 56078 56013

Array Size = 76
 57000 57001 57002 57006 57008 57009 57010 57012 57014 57015
 57017 57020 57021 57023 57023 57025 57025 57029 57030 57030
 57031 57032 57034 57035 57038 57046 57046 57048 57049 57052
 57054 57054 57055 57056 57056 57057 57057 57058 57061 57062
 57063 57063 57064 57065 57065 57066 57068 57069 57070 57070
 57072 57072 57073 57073 57074 57075 57077 57078 57078 57079
 57079 57080 57082 57084 57084 57084 57086 57087 57089 57090
 57090 57093 57093 57095 57095 57096

Array Size = 84
 58044 58053 58030 58099 58072 58090 58005 58085 58079 58096
 58023 58064 58024 58023 58068 58074 58052 58014 58038 58075
 58071 58086 58077 58081 58020 58059 58026 58098 58093 58027
 58067 58017 58055 58052 58008 58099 58012 58045 58068 58063
 58056 58020 58046 58099 58093 58052 58050 58035 58068 58090
 58066 58080 58001 58040 58025 58019 58034 58010 58076 58001
 58060 58010 58060 58056 58026 58025 58085 58061 58037 58026
 58011 58045 58079 58044 58067 58021 58033 58014 58025 58014
 58057 58098 58033 58088

Array Size = 80
 59000 59001 59002 59006 59006 59009 59010 59010 59011 59011
 59012 59012 59013 59013 59014 59015 59020 59021 59021 59022
 59025 59028 59031 59035 59036 59039 59043 59043 59044 59044
 59045 59047 59050 59051 59051 59052 59055 59055 59055 59056
 59058 59060 59063 59064 59064 59065 59067 59067 59068 59068
 59070 59070 59072 59072 59073 59073 59079 59080 59080 59083
 59084 59085 59086 59086 59087 59087 59087 59088 59088 59089
 59090 59090 59090 59094 59096 59097 59097 59098 59099 59099


Array Size = 10
 60086 60077 60077 60050 60068 60059 60079 60011 60055 60014


Array Size = 90
 61001 61004 61004 61006 61009 61010 61015 61015 61016 61017
 61017 61018 61018 61018 61020 61021 61021 61022 61022 61022
 61024 61025 61028 61028 61028 61030 61031 61035 61035 61039
 61040 61042 61044 61044 61044 61045 61045 61049 61050 61053
 61053 61053 61054 61054 61055 61055 61056 61056 61060 61060
 61061 61062 61063 61064 61064 61064 61067 61068 61068 61068
 61068 61068 61069 61070 61070 61071 61073 61074 61075 61076
 61077 61078 61086 61087 61087 61088 61088 61089 61089 61090
 61090 61091 61092 61095 61096 61096 61098 61098 61098 61099


Array Size = 92
 62097 62089 62029 62045 62087 62043 62086 62076 62046 62059
 62072 62024 62009 62014 62074 62017 62042 62062 62012 62091
 62007 62002 62095 62000 62031 62098 62092 62001 62099 62047
 62072 62013 62078 62062 62081 62036 62051 62076 62079 62064
 62035 62042 62011 62039 62087 62027 62040 62011 62034 62036
 62019 62037 62094 62087 62050 62062 62017 62029 62084 62005
 62026 62007 62020 62021 62063 62048 62070 62038 62066 62082
 62045 62060 62093 62010 62022 62025 62029 62014 62010 62059
 62017 62006 62074 62062 62073 62025 62078 62042 62005 62050
 62092 62073

Array Size = 11
 63008 63009 63009 63019 63020 63023 63025 63028 63054 63058
 63068

Array Size = 78
 64022 64086 64091 64007 64068 64083 64067 64044 64057 64037
 64082 64026 64027 64001 64045 64068 64090 64090 64038 64053
 64030 64052 64011 64004 64082 64029 64041 64003 64031 64054
 64009 64064 64006 64060 64087 64042 64016 64034 64096 64097
 64058 64030 64071 64078 64028 64040 64018 64022 64056 64081
 64091 64038 64076 64090 64026 64056 64061 64039 64003 64013
 64092 64039 64049 64017 64058 64036 64027 64022 64000 64075
 64034 64061 64096 64031 64027 64066 64074 64051

Array Size = 73
 65000 65000 65003 65005 65006 65006 65006 65006 65008 65011
 65012 65013 65014 65016 65016 65017 65017 65021 65022 65023
 65025 65026 65026 65026 65028 65029 65030 65030 65033 65036
 65038 65038 65038 65040 65040 65042 65044 65044 65045 65047
 65048 65050 65052 65052 65052 65055 65056 65057 65058 65061
 65062 65062 65063 65064 65066 65073 65074 65080 65080 65081
 65085 65086 65086 65087 65089 65091 65091 65092 65092 65098
 65098 65098 65098

Array Size = 75
 66093 66017 66063 66061 66015 66082 66002 66074 66056 66028
 66073 66006 66012 66029 66089 66072 66042 66006 66012 66072
 66025 66054 66079 66028 66064 66072 66057 66059 66089 66000
 66050 66035 66047 66000 66073 66058 66002 66018 66050 66002
 66060 66048 66001 66091 66048 66031 66063 66040 66049 66062
 66086 66040 66075 66085 66098 66061 66032 66060 66070 66078
 66066 66001 66065 66037 66058 66012 66054 66099 66048 66022
 66005 66017 66068 66072 66097

Array Size = 57
 67001 67003 67003 67004 67006 67007 67012 67012 67012 67017
 67019 67020 67021 67023 67023 67025 67027 67029 67029 67032
 67032 67032 67035 67038 67042 67044 67044 67045 67046 67046
 67048 67051 67053 67056 67057 67058 67060 67061 67062 67065
 67069 67070 67071 67075 67077 67080 67083 67084 67086 67086
 67086 67094 67095 67095 67097 67099 67099

Array Size = 47
 68084 68022 68033 68073 68094 68060 68076 68072 68022 68055
 68004 68023 68091 68014 68068 68064 68006 68027 68048 68019
 68012 68087 68070 68040 68038 68020 68097 68079 68060 68049
 68044 68005 68075 68042 68067 68021 68090 68099 68052 68054
 68068 68022 68094 68088 68038 68060 68005

Array Size = 50
 69001 69002 69002 69005 69007 69012 69013 69015 69018 69021
 69021 69021 69021 69022 69022 69023 69023 69025 69030 69035
 69035 69035 69036 69036 69040 69042 69046 69046 69048 69049
 69050 69052 69053 69055 69055 69058 69059 69059 69062 69065
 69071 69077 69079 69084 69086 69087 69090 69092 69094 69097


Array Size = 49
 70067 70089 70013 70068 70050 70098 70096 70051 70080 70053
 70042 70008 70090 70082 70054 70003 70091 70048 70004 70022
 70097 70084 70065 70068 70097 70061 70084 70099 70007 70018
 70054 70001 70068 70013 70025 70002 70001 70002 70041 70086
 70029 70012 70095 70078 70059 70041 70005 70083 70013

Array Size = 61
 71000 71001 71001 71001 71003 71004 71004 71004 71005 71007
 71010 71011 71013 71013 71014 71014 71018 71019 71022 71022
 71023 71023 71024 71028 71030 71033 71034 71035 71036 71038
 71039 71041 71041 71042 71042 71043 71048 71050 71050 71051
 71052 71053 71054 71055 71055 71055 71056 71058 71061 71065
 71067 71067 71067 71070 71077 71077 71080 71091 71092 71094
 71095

Array Size = 19
 72092 72088 72034 72068 72090 72021 72069 72030 72088 72059
 72070 72040 72005 72061 72001 72068 72072 72039 72000

Array Size = 38
 73001 73014 73015 73016 73017 73019 73021 73022 73024 73024
 73026 73036 73038 73040 73040 73040 73047 73052 73054 73055
 73057 73062 73064 73067 73071 73074 73075 73080 73087 73088
 73089 73090 73090 73093 73093 73094 73096 73097

Array Size = 56
 74078 74009 74093 74088 74020 74025 74096 74028 74092 74065
 74006 74085 74033 74084 74049 74077 74024 74075 74043 74015
 74044 74091 74034 74093 74007 74049 74005 74010 74035 74086
 74088 74066 74015 74014 74000 74020 74046 74098 74049 74008
 74012 74018 74096 74075 74094 74065 74000 74020 74055 74036
 74057 74042 74001 74069 74090 74092

Array Size = 91
 75000 75001 75004 75006 75006 75009 75010 75012 75013 75016
 75018 75020 75020 75021 75024 75026 75027 75028 75028 75028
 75028 75029 75029 75031 75031 75033 75033 75034 75034 75035
 75035 75036 75036 75038 75039 75040 75040 75040 75040 75041
 75041 75043 75044 75044 75044 75045 75045 75045 75046 75046
 75049 75049 75052 75053 75054 75055 75057 75058 75058 75058
 75060 75061 75062 75062 75063 75064 75064 75066 75068 75070
 75072 75075 75076 75077 75077 75078 75080 75081 75081 75082
 75082 75084 75086 75087 75088 75089 75091 75093 75096 75097
 75098

Array Size = 99
 76096 76073 76068 76035 76010 76015 76028 76043 76095 76091
 76055 76013 76005 76043 76035 76024 76094 76042 76033 76023
 76023 76078 76030 76027 76075 76042 76081 76062 76052 76069
 76074 76056 76053 76031 76071 76021 76002 76015 76072 76004
 76040 76045 76099 76023 76097 76008 76019 76030 76089 76078
 76003 76030 76076 76002 76052 76073 76099 76066 76063 76033
 76073 76028 76034 76091 76088 76028 76016 76011 76022 76027
 76031 76029 76049 76010 76053 76039 76082 76054 76006 76075
 76036 76066 76051 76018 76087 76030 76060 76027 76015 76017
 76064 76016 76011 76076 76004 76069 76096 76061 76033

Array Size = 78
 77001 77001 77002 77002 77002 77002 77003 77004 77004 77005
 77008 77008 77009 77011 77011 77012 77013 77017 77019 77019
 77019 77020 77022 77026 77030 77031 77032 77033 77034 77034
 77034 77037 77039 77039 77039 77040 77040 77043 77044 77048
 77049 77049 77053 77053 77053 77056 77057 77058 77059 77059
 77060 77063 77064 77066 77066 77067 77068 77069 77070 77072
 77072 77073 77075 77075 77077 77079 77081 77084 77086 77086
 77087 77088 77089 77092 77092 77093 77096 77099

Array Size = 98
 78059 78000 78009 78064 78012 78005 78026 78011 78086 78052
 78041 78032 78063 78040 78094 78074 78010 78088 78084 78092
 78000 78049 78029 78006 78029 78033 78013 78081 78020 78045
 78057 78052 78087 78053 78054 78066 78081 78077 78013 78015
 78081 78047 78006 78024 78055 78005 78096 78011 78092 78000
 78022 78024 78072 78033 78095 78042 78063 78003 78078 78075
 78073 78095 78037 78056 78008 78043 78051 78026 78048 78072
 78057 78071 78084 78014 78060 78004 78038 78086 78023 78091
 78018 78020 78023 78075 78033 78063 78041 78024 78085 78007
 78050 78027 78048 78028 78075 78073 78081 78074

Array Size = 28
 79001 79008 79011 79012 79012 79013 79013 79025 79028 79028
 79033 79033 79044 79048 79049 79054 79057 79060 79062 79063
 79076 79078 79079 79079 79092 79096 79098 79099

Array Size = 52
 80021 80058 80075 80064 80075 80088 80088 80071 80039 80009
 80020 80073 80066 80023 80055 80068 80047 80012 80066 80017
 80059 80053 80099 80069 80043 80088 80091 80057 80049 80041
 80005 80027 80090 80059 80056 80072 80062 80044 80057 80022
 80093 80090 80021 80078 80017 80033 80016 80016 80014 80082
 80034 80005

Array Size = 11
 81003 81012 81015 81020 81020 81034 81036 81036 81042 81083
 81092

Array Size = 98
 82058 82032 82090 82002 82090 82053 82099 82064 82066 82026
 82043 82010 82007 82035 82067 82091 82018 82003 82055 82094
 82089 82037 82095 82021 82044 82023 82083 82042 82032 82031
 82095 82018 82085 82052 82057 82033 82009 82025 82089 82070
 82068 82098 82043 82002 82068 82076 82036 82045 82020 82073
 82014 82031 82093 82062 82012 82086 82021 82090 82070 82066
 82050 82017 82038 82063 82071 82061 82077 82018 82041 82098
 82010 82097 82069 82025 82056 82036 82013 82080 82066 82011
 82095 82016 82047 82053 82039 82039 82059 82004 82096 82065
 82082 82017 82013 82007 82029 82089 82033 82056

Array Size = 11
 83016 83026 83030 83032 83041 83053 83066 83072 83073 83087
 83098

Array Size = 80
 84064 84039 84086 84030 84068 84049 84053 84039 84049 84011
 84095 84009 84085 84005 84044 84045 84063 84068 84008 84049
 84062 84085 84076 84091 84099 84061 84088 84086 84068 84020
 84009 84032 84042 84098 84048 84010 84002 84097 84095 84080
 84060 84038 84008 84075 84050 84069 84088 84068 84085 84056
 84029 84076 84052 84029 84052 84061 84006 84009 84002 84090
 84050 84023 84094 84096 84071 84091 84068 84067 84087 84081
 84091 84012 84025 84037 84024 84026 84011 84039 84076 84014


Array Size = 78
 85002 85002 85003 85004 85004 85006 85006 85007 85007 85009
 85009 85009 85011 85013 85014 85014 85014 85015 85017 85017
 85018 85018 85019 85020 85025 85028 85030 85031 85031 85031
 85033 85037 85037 85039 85043 85048 85050 85051 85052 85055
 85057 85059 85060 85060 85060 85063 85064 85067 85067 85069
 85070 85071 85071 85071 85073 85074 85074 85076 85078 85078
 85078 85079 85079 85081 85081 85083 85083 85083 85084 85086
 85088 85090 85092 85093 85093 85094 85094 85094

Array Size = 57
 86067 86009 86061 86044 86001 86014 86063 86067 86048 86022
 86099 86046 86077 86075 86060 86026 86025 86084 86026 86081
 86069 86089 86089 86083 86056 86042 86047 86014 86064 86027
 86073 86015 86077 86031 86078 86053 86029 86049 86057 86020
 86018 86017 86094 86020 86078 86073 86043 86093 86099 86033
 86075 86044 86063 86090 86072 86091 86027

Array Size = 11
 87022 87048 87054 87058 87066 87071 87071 87076 87082 87087
 87088

Array Size = 41
 88044 88094 88013 88001 88015 88060 88088 88001 88054 88038
 88026 88037 88066 88018 88080 88030 88052 88026 88083 88026
 88085 88051 88018 88087 88048 88081 88081 88071 88019 88032
 88007 88016 88026 88068 88056 88013 88075 88002 88081 88055
 88099

Array Size = 73
 89000 89001 89003 89004 89004 89004 89005 89008 89011 89013
 89013 89022 89026 89027 89028 89033 89033 89034 89035 89036
 89037 89039 89040 89040 89041 89044 89045 89045 89045 89045
 89046 89046 89047 89053 89053 89053 89056 89056 89059 89060
 89061 89063 89064 89064 89067 89067 89069 89070 89070 89071
 89071 89073 89074 89075 89076 89076 89077 89078 89079 89082
 89084 89084 89086 89090 89091 89091 89091 89094 89094 89096
 89097 89097 89098

Array Size = 21
 90034 90067 90081 90059 90086 90023 90013 90018 90062 90050
 90068 90098 90074 90026 90075 90007 90044 90044 90071 90056
 90032

Array Size = 96
 91000 91000 91000 91001 91003 91003 91003 91003 91003 91005
 91006 91006 91008 91010 91010 91012 91015 91015 91016 91016
 91017 91018 91019 91019 91019 91020 91020 91021 91021 91022
 91023 91024 91025 91025 91027 91028 91028 91028 91028 91028
 91032 91033 91033 91033 91035 91035 91037 91037 91038 91039
 91043 91044 91044 91045 91045 91046 91046 91047 91048 91049
 91050 91052 91052 91052 91052 91056 91057 91058 91058 91064
 91068 91068 91069 91071 91073 91073 91073 91074 91078 91079
 91079 91081 91083 91083 91084 91085 91085 91086 91086 91086
 91090 91091 91093 91097 91098 91099

Array Size = 54
 92070 92036 92063 92047 92003 92090 92005 92034 92068 92079
 92009 92094 92059 92026 92073 92091 92017 92004 92061 92053
 92086 92026 92091 92015 92056 92072 92077 92048 92071 92007
 92050 92041 92034 92006 92031 92005 92043 92027 92075 92005
 92053 92078 92038 92095 92070 92049 92026 92052 92074 92062
 92098 92038 92083 92056

Array Size = 94
 93000 93000 93000 93001 93001 93003 93003 93004 93004 93005
 93006 93007 93007 93010 93010 93011 93012 93013 93014 93016
 93017 93017 93022 93027 93027 93029 93029 93029 93031 93031
 93031 93031 93032 93034 93035 93036 93037 93038 93038 93039
 93039 93040 93041 93041 93041 93042 93043 93043 93044 93044
 93044 93047 93048 93053 93054 93056 93056 93056 93059 93062
 93062 93063 93063 93063 93064 93065 93066 93066 93066 93068
 93068 93068 93069 93070 93070 93074 93077 93078 93078 93079
 93080 93081 93083 93083 93085 93086 93090 93090 93092 93092
 93092 93095 93095 93097

Array Size = 53
 94098 94045 94045 94001 94048 94051 94024 94041 94031 94078
 94032 94077 94066 94060 94091 94053 94035 94075 94087 94095
 94050 94045 94060 94060 94077 94004 94046 94065 94034 94035
 94084 94005 94046 94039 94098 94027 94041 94058 94042 94088
 94083 94021 94013 94070 94008 94035 94008 94090 94013 94000
 94078 94091 94004

Array Size = 65
 95000 95001 95003 95008 95008 95009 95010 95011 95012 95012
 95013 95018 95020 95021 95022 95023 95023 95024 95024 95026
 95026 95028 95028 95030 95031 95034 95035 95038 95039 95039
 95045 95047 95049 95050 95052 95053 95054 95055 95056 95057
 95060 95062 95062 95066 95072 95073 95074 95077 95078 95080
 95082 95084 95090 95091 95092 95092 95093 95093 95094 95094
 95095 95096 95096 95096 95098

Array Size = 56
 96091 96072 96009 96094 96077 96084 96094 96042 96000 96027
 96020 96031 96075 96024 96053 96052 96027 96042 96028 96036
 96047 96067 96051 96092 96015 96008 96036 96044 96096 96050
 96046 96093 96093 96056 96055 96083 96007 96017 96024 96057
 96046 96028 96063 96046 96052 96093 96085 96027 96004 96014
 96000 96064 96054 96010 96054 96066

Array Size = 75
 97000 97002 97004 97011 97012 97013 97013 97017 97017 97018
 97018 97021 97023 97023 97025 97026 97028 97029 97032 97034
 97037 97037 97037 97037 97037 97037 97038 97039 97041 97042
 97043 97044 97045 97045 97047 97047 97049 97050 97053 97053
 97054 97054 97055 97057 97061 97063 97064 97070 97071 97071
 97072 97075 97077 97077 97079 97080 97080 97081 97081 97083
 97083 97086 97086 97088 97089 97090 97092 97093 97094 97094
 97094 97096 97096 97096 97099

Array Size = 22
 98008 98031 98009 98043 98056 98042 98065 98069 98034 98082
 98005 98055 98074 98059 98080 98030 98076 98060 98062 98045
 98072 98009

Array Size = 79
 99003 99003 99005 99006 99007 99008 99008 99008 99009 99010
 99013 99015 99016 99018 99019 99019 99021 99022 99023 99024
 99025 99025 99030 99030 99031 99032 99035 99035 99036 99043
 99043 99045 99046 99046 99047 99048 99048 99049 99051 99053
 99054 99056 99056 99056 99057 99057 99058 99059 99062 99062
 99064 99064 99065 99067 99067 99067 99070 99071 99071 99072
 99072 99075 99075 99078 99078 99079 99081 99082 99082 99083
 99083 99084 99085 99085 99085 99091 99092 99097 99098
4
 98056 98042 98010 98074 98009 98046 98062 98016 98055 98092
 98086 98039 98065 98069 98005 98057 98057 98013 98099 98021
 98037 98095 98062 98048 98058 98029 98002 98089 98073 98076
 98032 98054 98016 98030 98037 98076 98000 98095 98018 98071


Array Size = 57
 99004 99010 99011 99013 99014 99016 99017 99019 99019 99020
 99021 99022 99028 99028 99029 99029 99030 99030 99031 99031
 99034 99038 99039 99039 99042 99042 99044 99045 99047 99048
 99052 99052 99053 99054 99055 99055 99056 99057 99058 99062
 99063 99068 99071 99074 99079 99080 99080 99081 99081 99081
 99082 99086 99088 99089 99092 99092 99097
99019 99020 99021 99022 99023 99028 99030
 99031 99031 99032 99032 99032 99033 99035 99036 99037 99037
 99038 99038 99039 99039 99042 99044 99044 99044 99047 99048
 99049 99049 99050 99051 99051 99051 99052 99052 99052 99052
 99052 99053 99054 99054 99055 99055 99055 99056 99056 99056
 99057 99058 99059 99059 99060 99061 99064 99064 99066 99067
 99067 99068 99069 99072 99074 99076 99076 99077 99078 99084
 99084 99086 99090 99091 99091 99094 99095 99099 99099 99099

