
Array Size = 21
    45    38    79    75    23    65    11    59    71     3
    77    82    37     5    30    48     1    72    81    31
    54

Array Size = 69
  1001  1007  1008  1008  1010  1010  1010  1014  1014  1015
  1015  1015  1017  1018  1019  1020  1021  1022  1022  1027
  1028  1029  1032  1034  1034  1036  1039  1039  1040  1041
  1044  1045  1047  1047  1047  1050  1052  1053  1054  1055
  1055  1057  1058  1059  1066  1066  1069  1070  1071  1075
  1075  1077  1081  1082  1082  1084  1085  1085  1085  1085
  1088  1093  1094  1094  1095  1096  1097  1098  1098

Array Size = 18
  2084  2046  2032  2083  2095  2070  2049  2017  2039  2098
  2013  2052  2049  2066  2031  2047  2081  2056

Array Size = 69
  3000  3002  3003  3003  3006  3007  3009  3011  3012  3012
  3018  3018  3020  3021  3021  3021  3021  3024  3024  3025
  3026  3028  3028  3029  3030  3031  3032  3033  3035  3037
  3042  3043  3043  3043  3049  3050  3051  3051  3052  3052
  3054  3056  3058  3058  3060  3061  3064  3065  3070  3070
  3073  3073  3073  3074  3075  3075  3075  3077  3078  3079
  3082  3083  3084  3087  3090  3091  3093  3096  3098

Array Size = 69
  4031  4004  4013  4020  4089  4004  4007  4060  4035  4097
  4025  4061  4071  4050  4051  4060  4058  4028  4085  4046
  4074  4099  4071  4070  4085  4098  4046  4011  4029  4084
  4027  4064  4021  4050  4034  4012  4006  4066  4009  4003
  4053  4070  4014  4052  4097  4001  4010  4078  4013  4045
  4029  4097  4058  4014  4045  4036  4005  4040  4004  4013
  4023  4055  4046  4022  4095  4069  4046  4064  4008

Array Size = 28
  5002  5005  5012  5015  5020  5021  5028  5037  5037  5040
  5043  5048  5049  5052  5055  5062  5072  5074  5076  5078
  5084  5086  5086  5093  5094  5096  5098  5099

Array Size = 20
  6084  6049  6026  6043  6074  6092  6048  6022  6083  6099
  6092  6056  6042  6071  6042  6056  6025  6067  6072  6095


Array Size = 67
  7001  7001  7002  7004  7007  7007  7007  7008  7012  7013
  7014  7014  7015  7016  7017  7017  7018  7019  7024  7027
  7027  7029  7030  7031  7033  7034  7034  7035  7038  7038
  7039  7039  7039  7044  7045  7046  7047  7047  7048  7048
  7050  7053  7054  7054  7055  7059  7062  7063  7065  7068
  7071  7072  7078  7080  7081  7081  7081  7081  7086  7086
  7086  7087  7091  7093  7095  7096  7096

Array Size = 48
  8022  8076  8018  8024  8039  8076  8009  8041  8052  8059
  8077  8047  8091  8038  8083  8057  8083  8049  8083  8057
  8094  8070  8016  8069  8070  8090  8045  8030  8054  8063
  8077  8039  8058  8024  8002  8049  8078  8051  8092  8059
  8029  8018  8091  8020  8060  8003  8089  8039

Array Size = 71
  9002  9003  9005  9007  9010  9010  9011  9017  9017  9017
  9019  9019  9020  9022  9022  9023  9025  9026  9027  9027
  9027  9028  9029  9030  9031  9034  9035  9039  9040  9044
  9046  9048  9051  9052  9053  9054  9054  9056  9057  9057
  9058  9062  9063  9067  9068  9069  9069  9073  9075  9075
  9076  9076  9076  9081  9083  9084  9085  9086  9087  9087
  9087  9088  9090  9090  9092  9093  9096  9096  9097  9097
  9099

Array Size = 56
 10084 10039 10050 10019 10051 10050 10000 10065 10028 10023
 10055 10028 10000 10067 10037 10003 10068 10013 10034 10042
 10091 10017 10011 10072 10095 10027 10019 10048 10060 10061
 10014 10085 10021 10061 10022 10039 10034 10064 10032 10034
 10001 10058 10018 10097 10069 10086 10011 10005 10081 10078
 10078 10072 10047 10003 10077 10001

Array Size = 41
 11003 11009 11011 11011 11016 11016 11018 11019 11019 11022
 11024 11024 11024 11025 11026 11031 11033 11034 11035 11036
 11041 11042 11045 11047 11053 11053 11054 11055 11056 11066
 11069 11070 11071 11076 11078 11085 11086 11090 11093 11095
 11099

Array Size = 60
 12060 12011 12083 12001 12029 12000 12080 12093 12072 12021
 12076 12058 12058 12001 12040 12097 12004 12079 12079 12012
 12015 12093 12086 12053 12098 12078 12064 12054 12065 12046
 12042 12030 12069 12087 12096 12043 12087 12032 12078 12087
 12093 12074 12028 12084 12095 12098 12047 12080 12060 12031
 12020 12014 12063 12047 12010 12041 12095 12012 12011 12054


Array Size = 99
 13000 13002 13007 13010 13013 13014 13015 13016 13016 13017
 13018 13020 13021 13023 13023 13023 13025 13026 13026 13027
 13028 13029 13029 13030 13030 13031 13034 13035 13035 13035
 13036 13037 13037 13037 13038 13040 13042 13042 13042 13042
 13042 13043 13044 13045 13047 13047 13047 13049 13049 13050
 13054 13054 13054 13054 13055 13056 13056 13057 13057 13057
 13058 13058 13058 13059 13059 13059 13060 13063 13064 13064
 13064 13065 13066 13066 13067 13071 13073 13073 13074 13075
 13075 13075 13075 13076 13076 13077 13082 13082 13083 13083
 13086 13088 13089 13091 13092 13092 13095 13098 13098

Array Size = 88
 14037 14043 14009 14021 14093 14028 14074 14044 14027 14032
 14028 14018 14067 14070 14048 14053 14002 14097 14037 14067
 14067 14052 14082 14053 14098 14047 14072 14098 14088 14027
 14034 14061 14085 14052 14044 14085 14006 14093 14031 14054
 14095 14061 14033 14049 14001 14072 14030 14004 14062 14040
 14056 14036 14043 14044 14002 14063 14052 14084 14046 14067
 14083 14050 14096 14063 14035 14059 14043 14079 14059 14019
 14019 14067 14015 14037 14034 14025 14066 14043 14010 14058
 14098 14081 14074 14052 14064 14039 14083 14028

Array Size = 16
 15002 15008 15010 15012 15015 15020 15024 15032 15032 15053
 15072 15074 15089 15092 15098 15098

Array Size = 42
 16070 16022 16035 16034 16004 16036 16018 16086 16059 16083
 16094 16099 16079 16008 16008 16056 16014 16088 16015 16004
 16055 16052 16056 16001 16035 16076 16045 16071 16096 16007
 16088 16089 16026 16025 16061 16005 16087 16002 16028 16002
 16015 16090

Array Size = 81
 17002 17003 17004 17005 17005 17008 17009 17010 17013 17013
 17014 17017 17017 17020 17020 17022 17022 17023 17024 17025
 17027 17027 17028 17028 17030 17030 17031 17031 17032 17032
 17033 17034 17035 17035 17035 17035 17036 17036 17038 17040
 17040 17043 17045 17046 17046 17047 17047 17048 17049 17051
 17052 17052 17053 17058 17058 17059 17061 17062 17063 17064
 17068 17072 17073 17074 17076 17077 17078 17080 17081 17082
 17084 17084 17086 17089 17090 17091 17094 17095 17097 17099
 17099

Array Size = 74
 18058 18072 18006 18059 18091 18039 18037 18002 18094 18062
 18050 18056 18003 18067 18072 18084 18016 18004 18005 18081
 18028 18028 18034 18002 18046 18054 18000 18063 18091 18026
 18052 18085 18058 18014 18075 18040 18089 18019 18048 18009
 18036 18076 18007 18045 18061 18001 18094 18082 18052 18010
 18092 18060 18071 18056 18009 18094 18034 18082 18089 18091
 18089 18004 18085 18076 18083 18040 18083 18068 18020 18093
 18041 18027 18028 18087

Array Size = 89
 19000 19001 19001 19002 19005 19009 19011 19016 19018 19018
 19019 19019 19019 19020 19020 19021 19023 19023 19024 19024
 19025 19026 19029 19031 19031 19032 19033 19035 19035 19037
 19037 19038 19039 19041 19041 19041 19042 19043 19045 19045
 19046 19046 19046 19049 19051 19051 19053 19054 19054 19055
 19057 19057 19058 19058 19060 19060 19062 19065 19065 19069
 19069 19069 19071 19075 19076 19076 19077 19079 19080 19080
 19080 19081 19081 19081 19082 19082 19082 19082 19084 19085
 19086 19086 19088 19089 19089 19093 19094 19095 19098

Array Size = 38
 20039 20085 20091 20014 20005 20081 20063 20026 20018 20061
 20052 20040 20001 20036 20077 20007 20092 20066 20088 20051
 20072 20008 20001 20043 20024 20069 20085 20022 20032 20083
 20018 20049 20068 20030 20099 20088 20078 20007

Array Size = 96
 21000 21001 21003 21004 21004 21004 21005 21006 21006 21006
 21008 21008 21008 21010 21012 21013 21014 21016 21020 21021
 21021 21021 21022 21024 21025 21025 21026 21026 21027 21028
 21028 21029 21031 21032 21032 21034 21034 21035 21036 21037
 21037 21040 21040 21040 21040 21041 21043 21044 21044 21044
 21045 21045 21047 21048 21049 21050 21050 21051 21051 21055
 21057 21058 21059 21060 21061 21061 21062 21064 21064 21064
 21064 21064 21065 21068 21072 21075 21075 21077 21081 21082
 21082 21086 21086 21086 21089 21089 21090 21091 21091 21092
 21092 21093 21094 21097 21098 21099

Array Size = 49
 22026 22002 22080 22056 22056 22099 22033 22043 22038 22008
 22087 22035 22044 22088 22002 22059 22071 22059 22086 22081
 22039 22093 22099 22029 22094 22003 22075 22077 22042 22026
 22067 22043 22069 22068 22069 22052 22032 22094 22075 22051
 22080 22078 22049 22017 22039 22010 22016 22057 22009

Array Size = 53
 23000 23003 23005 23007 23008 23008 23010 23010 23011 23012
 23014 23017 23018 23022 23025 23026 23029 23029 23030 23030
 23034 23039 23041 23042 23042 23043 23047 23051 23052 23055
 23057 23058 23059 23060 23064 23065 23069 23069 23070 23071
 23073 23082 23083 23083 23083 23083 23087 23089 23089 23096
 23097 23097 23098

Array Size = 98
 24045 24025 24046 24098 24092 24011 24002 24019 24016 24026
 24036 24037 24039 24069 24014 24081 24027 24035 24094 24040
 24042 24034 24008 24056 24064 24027 24031 24078 24076 24082
 24002 24062 24011 24058 24049 24060 24045 24052 24013 24003
 24054 24016 24037 24069 24042 24070 24025 24061 24090 24030
 24097 24052 24043 24072 24056 24070 24017 24096 24080 24095
 24016 24069 24095 24041 24009 24089 24052 24037 24051 24012
 24037 24021 24035 24097 24051 24085 24024 24053 24052 24046
 24036 24045 24078 24045 24085 24080 24049 24092 24032 24026
 24040 24072 24077 24009 24060 24001 24036 24064

Array Size = 91
 25000 25000 25001 25002 25003 25005 25006 25008 25008 25008
 25010 25010 25011 25011 25012 25014 25015 25015 25015 25017
 25018 25018 25020 25020 25023 25024 25024 25025 25026 25028
 25029 25029 25029 25030 25030 25031 25032 25033 25036 25037
 25038 25039 25040 25041 25041 25041 25043 25043 25043 25047
 25048 25051 25054 25054 25056 25057 25057 25058 25058 25059
 25061 25061 25062 25063 25064 25064 25067 25070 25070 25071
 25078 25080 25081 25082 25084 25085 25085 25087 25087 25088
 25089 25094 25094 25094 25094 25096 25096 25097 25097 25097
 25099

Array Size = 90
 26090 26015 26081 26033 26081 26030 26060 26071 26043 26047
 26055 26004 26027 26052 26048 26095 26081 26015 26016 26039
 26080 26087 26070 26063 26079 26074 26025 26065 26018 26003
 26080 26068 26014 26009 26033 26006 26025 26080 26046 26031
 26005 26046 26045 26002 26019 26080 26034 26064 26081 26052
 26020 26030 26098 26084 26022 26082 26009 26006 26023 26036
 26034 26095 26080 26085 26051 26075 26091 26095 26091 26054
 26038 26006 26047 26071 26099 26007 26062 26099 26065 26070
 26063 26082 26024 26035 26025 26054 26028 26015 26061 26021


Array Size = 33
 27008 27010 27015 27016 27020 27021 27022 27024 27030 27033
 27035 27036 27041 27044 27045 27055 27055 27058 27059 27059
 27059 27061 27062 27067 27068 27074 27077 27082 27083 27089
 27094 27096 27098

Array Size = 68
 28042 28062 28052 28026 28099 28064 28063 28079 28024 28092
 28094 28022 28030 28017 28002 28041 28030 28087 28060 28019
 28039 28017 28014 28017 28068 28004 28067 28056 28075 28023
 28078 28019 28032 28073 28031 28005 28077 28092 28079 28035
 28087 28064 28076 28017 28025 28037 28060 28004 28082 28005
 28016 28048 28032 28002 28030 28039 28033 28091 28000 28077
 28044 28046 28079 28066 28059 28031 28017 28028

Array Size = 24
 29003 29004 29026 29026 29029 29029 29037 29038 29038 29040
 29048 29051 29061 29062 29069 29069 29071 29081 29083 29083
 29084 29087 29089 29098

Array Size = 35
 30011 30085 30063 30013 30050 30056 30092 30059 30063 30051
 30075 30075 30024 30027 30002 30026 30070 30001 30041 30071
 30068 30022 30014 30056 30085 30058 30053 30055 30065 30033
 30080 30053 30079 30060 30052

Array Size = 79
 31000 31001 31004 31006 31007 31009 31011 31012 31015 31018
 31019 31020 31021 31021 31022 31022 31022 31024 31025 31027
 31031 31033 31034 31034 31034 31036 31036 31037 31038 31039
 31039 31040 31041 31043 31046 31047 31048 31050 31051 31053
 31053 31053 31056 31058 31061 31062 31063 31066 31066 31067
 31068 31069 31070 31070 31071 31072 31072 31073 31073 31074
 31077 31078 31078 31078 31079 31079 31079 31080 31081 31083
 31085 31086 31087 31089 31091 31092 31093 31094 31097

Array Size = 63
 32001 32029 32001 32097 32018 32069 32009 32080 32014 32000
 32016 32012 32030 32021 32085 32099 32005 32006 32098 32049
 32090 32081 32054 32054 32070 32014 32085 32063 32003 32010
 32033 32057 32011 32076 32020 32071 32045 32017 32033 32057
 32076 32059 32003 32053 32057 32026 32056 32003 32015 32058
 32095 32093 32019 32039 32087 32033 32082 32081 32002 32036
 32045 32086 32010

Array Size = 93
 33001 33002 33002 33003 33004 33004 33005 33007 33009 33010
 33012 33013 33014 33014 33015 33015 33016 33017 33018 33018
 33018 33019 33020 33024 33025 33026 33029 33031 33032 33032
 33033 33034 33035 33035 33037 33039 33040 33040 33041 33041
 33041 33041 33042 33042 33043 33043 33045 33046 33046 33046
 33048 33050 33051 33051 33055 33056 33056 33058 33060 33061
 33063 33066 33070 33070 33071 33071 33073 33073 33073 33075
 33076 33076 33077 33077 33080 33080 33081 33082 33083 33086
 33086 33087 33088 33088 33090 33092 33093 33093 33096 33097
 33099 33099 33099

Array Size = 68
 34076 34003 34068 34031 34010 34055 34038 34092 34072 34023
 34093 34044 34046 34065 34060 34065 34094 34037 34032 34071
 34021 34046 34085 34023 34052 34053 34045 34017 34091 34051
 34053 34062 34054 34057 34015 34029 34073 34090 34021 34053
 34068 34008 34094 34032 34021 34077 34080 34027 34036 34035
 34065 34003 34014 34011 34033 34085 34015 34025 34034 34037
 34028 34048 34011 34096 34068 34028 34021 34064

Array Size = 37
 35001 35003 35016 35017 35019 35026 35028 35034 35034 35037
 35039 35039 35042 35043 35044 35045 35047 35048 35051 35053
 35053 35055 35056 35056 35057 35063 35070 35078 35082 35086
 35086 35087 35087 35088 35089 35098 35098

Array Size = 89
 36045 36003 36017 36003 36056 36046 36025 36077 36014 36095
 36025 36062 36077 36039 36016 36006 36092 36028 36035 36014
 36077 36002 36061 36060 36045 36073 36049 36063 36075 36050
 36025 36050 36068 36097 36032 36089 36030 36041 36062 36052
 36003 36076 36048 36012 36064 36050 36036 36074 36036 36020
 36096 36005 36085 36044 36069 36080 36077 36064 36087 36027
 36023 36011 36062 36036 36066 36041 36038 36001 36053 36026
 36056 36091 36085 36051 36003 36091 36008 36019 36005 36072
 36062 36052 36049 36002 36087 36029 36008 36000 36068

Array Size = 98
 37002 37002 37003 37005 37006 37009 37009 37010 37010 37011
 37011 37012 37014 37015 37018 37019 37019 37022 37022 37025
 37027 37028 37031 37033 37035 37035 37037 37039 37039 37040
 37040 37040 37040 37041 37042 37044 37044 37045 37045 37045
 37048 37048 37051 37051 37051 37051 37052 37055 37055 37056
 37058 37058 37058 37059 37059 37062 37062 37063 37063 37063
 37063 37064 37064 37064 37065 37068 37068 37069 37072 37073
 37075 37077 37077 37079 37079 37080 37080 37081 37083 37085
 37087 37087 37089 37089 37089 37091 37091 37093 37094 37095
 37096 37096 37096 37096 37098 37098 37098 37098

Array Size = 70
 38081 38003 38076 38011 38033 38024 38094 38018 38002 38079
 38046 38073 38098 38008 38081 38052 38084 38040 38071 38025
 38048 38065 38004 38060 38048 38078 38047 38067 38037 38000
 38097 38075 38014 38014 38015 38044 38004 38051 38060 38093
 38033 38042 38007 38008 38091 38090 38025 38062 38079 38049
 38035 38026 38028 38024 38051 38011 38033 38087 38085 38043
 38030 38004 38004 38067 38003 38082 38006 38026 38041 38093


Array Size = 76
 39000 39002 39002 39003 39003 39004 39005 39005 39007 39007
 39007 39008 39009 39010 39010 39012 39020 39023 39024 39025
 39026 39026 39030 39031 39031 39033 39034 39034 39034 39036
 39036 39038 39038 39040 39041 39044 39045 39046 39048 39049
 39049 39054 39054 39054 39056 39056 39058 39060 39060 39064
 39064 39066 39067 39068 39069 39070 39070 39072 39074 39074
 39075 39077 39081 39081 39083 39084 39085 39085 39087 39087
 39092 39093 39097 39099 39099 39099

Array Size = 34
 40056 40005 40018 40060 40032 40080 40046 40087 40042 40022
 40073 40005 40054 40020 40057 40002 40049 40019 40030 40058
 40037 40007 40071 40002 40010 40011 40011 40070 40008 40070
 40025 40075 40056 40046

Array Size = 14
 41000 41009 41012 41045 41052 41055 41067 41070 41074 41075
 41078 41088 41091 41099

Array Size = 67
 42070 42060 42024 42015 42002 42062 42027 42092 42028 42002
 42031 42032 42063 42051 42032 42055 42059 42099 42027 42097
 42047 42067 42083 42049 42071 42015 42096 42002 42083 42084
 42049 42026 42070 42044 42017 42080 42064 42002 42002 42038
 42020 42032 42080 42021 42053 42090 42061 42002 42079 42032
 42008 42095 42064 42030 42053 42084 42082 42008 42065 42059
 42002 42079 42027 42038 42019 42067 42036

Array Size = 21
 43008 43013 43022 43023 43031 43049 43057 43058 43060 43061
 43062 43064 43067 43072 43074 43076 43080 43083 43088 43092
 43098

Array Size = 73
 44070 44045 44084 44081 44088 44092 44040 44023 44013 44084
 44080 44095 44034 44063 44003 44016 44061 44067 44056 44068
 44025 44068 44030 44090 44022 44089 44044 44046 44006 44051
 44035 44050 44017 44089 44034 44097 44005 44093 44007 44082
 44070 44049 44009 44023 44063 44041 44084 44054 44099 44015
 44005 44010 44047 44099 44082 44050 44078 44083 44001 44026
 44096 44063 44017 44044 44019 44040 44069 44077 44040 44066
 44066 44069 44044

Array Size = 54
 45001 45001 45001 45001 45003 45003 45004 45006 45006 45007
 45011 45011 45014 45016 45019 45020 45020 45022 45026 45027
 45027 45027 45028 45029 45030 45032 45037 45040 45042 45045
 45047 45048 45051 45052 45052 45053 45063 45067 45069 45070
 45071 45074 45077 45083 45083 45088 45088 45089 45091 45093
 45094 45095 45096 45098

Array Size = 16
 46014 46097 46018 46071 46023 46056 46081 46058 46092 46094
 46022 46039 46087 46082 46023 46059

Array Size = 31
 47001 47002 47009 47018 47023 47025 47028 47030 47033 47035
 47036 47038 47043 47043 47051 47053 47060 47062 47063 47066
 47067 47069 47070 47076 47078 47082 47083 47085 47085 47088
 47091

Array Size = 84
 48099 48073 48029 48057 48074 48075 48011 48084 48072 48032
 48014 48033 48075 48061 48089 48061 48079 48025 48062 48004
 48099 48070 48033 48029 48036 48009 48097 48058 48095 48013
 48093 48068 48035 48070 48071 48087 48056 48046 48067 48013
 48050 48046 48090 48039 48019 48057 48075 48067 48001 48054
 48089 48015 48062 48046 48022 48072 48011 48057 48075 48046
 48053 48040 48013 48046 48012 48014 48075 48045 48062 48013
 48054 48054 48055 48015 48030 48026 48009 48009 48034 48002
 48057 48041 48037 48083

Array Size = 73
 49001 49001 49001 49004 49007 49010 49010 49011 49013 49018
 49019 49020 49021 49022 49023 49025 49026 49026 49029 49029
 49030 49033 49033 49034 49034 49035 49035 49035 49037 49038
 49039 49040 49041 49042 49043 49044 49045 49047 49047 49048
 49050 49050 49051 49054 49054 49056 49058 49059 49063 49063
 49063 49064 49064 49066 49066 49067 49069 49070 49075 49079
 49079 49080 49080 49083 49084 49086 49090 49091 49091 49093
 49095 49097 49099

Array Size = 50
 50034 50096 50029 50085 50013 50028 50077 50033 50068 50061
 50020 50075 50096 50073 50080 50006 50042 50033 50030 50054
 50072 50022 50084 50071 50016 50059 50034 50068 50073 50006
 50092 50077 50075 50035 50079 50041 50052 50010 50040 50081
 50056 50015 50007 50075 50067 50016 50081 50009 50045 50048


Array Size = 78
 51000 51001 51001 51003 51003 51004 51004 51005 51005 51007
 51007 51008 51010 51012 51012 51012 51013 51014 51014 51018
 51018 51019 51020 51023 51023 51024 51026 51028 51032 51035
 51036 51036 51036 51037 51039 51040 51040 51042 51042 51049
 51051 51053 51056 51057 51059 51060 51060 51061 51062 51063
 51064 51066 51066 51066 51068 51069 51069 51072 51076 51079
 51079 51080 51080 51083 51084 51085 51085 51086 51086 51087
 51087 51089 51089 51093 51093 51094 51096 51099

Array Size = 51
 52005 52084 52027 52037 52097 52032 52033 52006 52083 52081
 52024 52027 52015 52083 52053 52058 52060 52054 52012 52000
 52009 52074 52090 52024 52014 52077 52006 52026 52059 52057
 52002 52094 52075 52075 52027 52072 52098 52032 52096 52091
 52080 52053 52007 52081 52033 52061 52089 52029 52074 52005
 52019

Array Size = 65
 53000 53001 53002 53002 53004 53005 53009 53009 53009 53011
 53014 53016 53019 53019 53020 53021 53021 53021 53022 53025
 53026 53027 53028 53029 53030 53033 53035 53039 53041 53042
 53043 53043 53053 53059 53059 53060 53060 53061 53064 53065
 53069 53072 53073 53074 53075 53075 53075 53076 53077 53078
 53078 53078 53080 53081 53082 53084 53086 53087 53088 53089
 53094 53095 53097 53099 53099

Array Size = 87
 54019 54082 54046 54084 54045 54079 54023 54074 54047 54020
 54091 54015 54007 54085 54010 54093 54098 54043 54040 54020
 54064 54093 54009 54083 54057 54093 54040 54029 54080 54031
 54036 54049 54034 54022 54031 54045 54088 54011 54060 54088
 54049 54081 54016 54016 54052 54081 54077 54001 54099 54045
 54025 54013 54094 54078 54072 54031 54038 54028 54084 54032
 54060 54072 54076 54031 54041 54008 54008 54044 54090 54064
 54048 54000 54037 54024 54088 54055 54041 54011 54049 54017
 54010 54023 54001 54090 54009 54086 54027

Array Size = 91
 55000 55001 55003 55003 55004 55006 55007 55007 55011 55011
 55013 55014 55015 55018 55018 55020 55021 55021 55023 55024
 55024 55026 55026 55028 55028 55028 55029 55029 55030 55030
 55031 55033 55034 55035 55037 55037 55037 55037 55038 55039
 55039 55041 55042 55042 55045 55045 55045 55045 55046 55049
 55050 55056 55058 55062 55063 55063 55064 55064 55064 55065
 55068 55069 55070 55070 55073 55073 55073 55074 55075 55076
 55076 55076 55077 55078 55079 55081 55082 55082 55082 55085
 55089 55089 55090 55091 55092 55092 55094 55095 55096 55096
 55097

Array Size = 34
 56020 56091 56005 56040 56045 56017 56053 56015 56096 56022
 56014 56085 56012 56050 56064 56001 56010 56012 56035 56083
 56007 56099 56035 56033 56039 56002 56032 56023 56018 56074
 56024 56087 56083 56057

Array Size = 34
 57001 57004 57008 57010 57010 57015 57015 57018 57019 57020
 57020 57023 57023 57023 57027 57029 57030 57034 57039 57044
 57046 57046 57049 57052 57053 57056 57065 57065 57079 57079
 57084 57097 57097 57099

Array Size = 67
 58099 58060 58000 58074 58021 58007 58076 58014 58097 58098
 58087 58042 58040 58084 58017 58017 58044 58020 58065 58096
 58043 58046 58078 58056 58033 58063 58033 58057 58030 58070
 58085 58098 58012 58073 58004 58002 58009 58019 58073 58000
 58051 58024 58017 58007 58057 58020 58069 58043 58093 58071
 58018 58092 58089 58095 58002 58089 58011 58005 58078 58002
 58079 58060 58057 58038 58036 58097 58090

Array Size = 63
 59003 59004 59004 59007 59008 59009 59010 59010 59011 59011
 59014 59014 59015 59017 59018 59018 59022 59024 59024 59024
 59027 59028 59028 59031 59034 59036 59037 59038 59040 59041
 59045 59046 59047 59051 59054 59055 59056 59056 59058 59060
 59062 59065 59065 59067 59070 59072 59073 59074 59075 59075
 59076 59078 59081 59087 59089 59091 59092 59092 59093 59093
 59097 59099 59099

Array Size = 52
 60018 60093 60005 60014 60003 60017 60054 60060 60073 60097
 60090 60061 60019 60020 60006 60002 60015 60020 60090 60021
 60093 60071 60029 60059 60091 60096 60056 60043 60086 60015
 60037 60085 60062 60095 60095 60081 60087 60093 60073 60078
 60068 60018 60055 60031 60094 60095 60046 60086 60078 60068
 60011 60092

Array Size = 92
 61000 61001 61001 61002 61003 61006 61007 61007 61008 61009
 61009 61009 61010 61011 61011 61012 61012 61013 61014 61015
 61016 61016 61017 61018 61021 61023 61025 61026 61026 61027
 61028 61028 61028 61029 61032 61032 61033 61033 61033 61035
 61036 61039 61039 61041 61041 61042 61042 61042 61042 61043
 61043 61043 61045 61047 61048 61051 61055 61056 61056 61056
 61057 61058 61064 61066 61067 61068 61068 61068 61070 61071
 61072 61075 61079 61081 61082 61082 61082 61084 61084 61085
 61086 61086 61087 61090 61091 61093 61093 61095 61095 61098
 61099 61099

Array Size = 60
 62004 62057 62019 62006 62062 62002 62067 62088 62087 62071
 62095 62070 62046 62080 62029 62001 62044 62041 62052 62098
 62033 62037 62029 62033 62035 62055 62080 62028 62035 62065
 62010 62002 62063 62013 62034 62017 62007 62012 62002 62081
 62033 62015 62036 62016 62080 62051 62096 62021 62036 62047
 62025 62059 62047 62006 62014 62027 62091 62056 62077 62090


Array Size = 85
 63000 63001 63001 63001 63001 63002 63002 63003 63007 63007
 63008 63009 63009 63010 63011 63012 63013 63016 63016 63016
 63017 63017 63020 63022 63022 63023 63026 63028 63029 63030
 63031 63035 63036 63039 63039 63040 63040 63040 63041 63046
 63051 63051 63052 63053 63053 63054 63054 63055 63055 63055
 63060 63064 63064 63065 63065 63065 63069 63071 63074 63076
 63077 63077 63078 63081 63082 63084 63084 63084 63086 63087
 63087 63087 63087 63088 63089 63090 63091 63093 63093 63093
 63095 63095 63095 63097 63098

Array Size = 70
 64084 64078 64054 64048 64072 64043 64060 64004 64001 64066
 64014 64078 64033 64015 64016 64069 64098 64047 64036 64046
 64032 64028 64098 64046 64081 64054 64042 64008 64052 64058
 64017 64027 64055 64004 64094 64050 64051 64010 64001 64034
 64054 64025 64014 64034 64001 64082 64005 64071 64057 64011
 64019 64006 64084 64050 64042 64051 64055 64053 64050 64002
 64017 64064 64045 64006 64083 64080 64023 64066 64069 64007


Array Size = 15
 65007 65008 65010 65019 65029 65033 65046 65048 65055 65072
 65077 65080 65096 65097 65098

Array Size = 21
 66088 66013 66077 66024 66078 66044 66017 66099 66022 66072
 66049 66075 66054 66099 66088 66049 66079 66069 66076 66017
 66020

Array Size = 31
 67008 67008 67010 67014 67018 67023 67023 67026 67028 67030
 67031 67034 67039 67040 67050 67055 67058 67059 67059 67061
 67063 67065 67070 67074 67075 67082 67082 67090 67095 67096
 67098

Array Size = 67
 68043 68033 68007 68035 68043 68076 68059 68073 68050 68017
 68006 68054 68071 68036 68040 68099 68097 68003 68038 68093
 68045 68045 68046 68062 68049 68007 68087 68081 68089 68018
 68043 68008 68090 68014 68032 68065 68004 68071 68075 68075
 68085 68066 68012 68078 68028 68029 68037 68078 68036 68027
 68022 68086 68036 68096 68062 68070 68010 68050 68092 68054
 68033 68086 68072 68055 68018 68052 68009

Array Size = 78
 69000 69001 69002 69003 69003 69003 69004 69015 69016 69016
 69016 69022 69024 69026 69028 69028 69031 69032 69033 69038
 69039 69039 69041 69041 69042 69042 69043 69044 69048 69048
 69050 69050 69051 69052 69052 69052 69052 69053 69054 69056
 69057 69059 69060 69060 69061 69061 69062 69062 69063 69064
 69066 69066 69066 69067 69068 69069 69069 69070 69070 69072
 69075 69077 69079 69083 69085 69086 69087 69089 69090 69090
 69091 69092 69093 69095 69096 69096 69098 69099

Array Size = 99
 70037 70051 70028 70096 70044 70001 70027 70065 70020 70065
 70066 70014 70049 70032 70019 70046 70055 70031 70063 70004
 70021 70058 70008 70068 70026 70015 70081 70073 70097 70014
 70009 70052 70010 70037 70018 70066 70053 70060 70030 70039
 70037 70041 70089 70087 70079 70083 70071 70086 70004 70035
 70068 70060 70043 70047 70032 70006 70084 70012 70006 70050
 70087 70066 70046 70039 70027 70046 70066 70025 70096 70066
 70083 70011 70079 70096 70043 70086 70035 70053 70033 70005
 70072 70024 70080 70014 70020 70071 70038 70018 70080 70094
 70091 70097 70029 70042 70010 70017 70077 70051 70059

Array Size = 53
 71000 71002 71004 71007 71014 71015 71020 71020 71021 71023
 71025 71026 71029 71029 71031 71031 71038 71041 71041 71042
 71044 71045 71045 71050 71053 71053 71056 71056 71056 71056
 71057 71057 71059 71060 71064 71067 71069 71070 71071 71071
 71072 71073 71077 71079 71081 71086 71087 71088 71091 71092
 71094 71097 71097

Array Size = 18
 72029 72075 72064 72091 72014 72061 72039 72039 72009 72041
 72064 72026 72083 72081 72089 72013 72053 72022

Array Size = 35
 73000 73003 73004 73009 73012 73016 73023 73030 73036 73038
 73039 73040 73044 73045 73045 73047 73047 73047 73053 73057
 73058 73061 73061 73062 73064 73065 73067 73068 73069 73071
 73076 73080 73080 73083 73094

Array Size = 62
 74033 74091 74061 74031 74080 74046 74076 74020 74052 74096
 74013 74091 74021 74030 74042 74036 74087 74030 74099 74033
 74013 74010 74011 74022 74073 74019 74033 74044 74078 74007
 74094 74042 74098 74047 74015 74052 74013 74031 74088 74032
 74025 74054 74040 74027 74082 74053 74040 74010 74077 74085
 74008 74077 74081 74075 74038 74098 74083 74091 74000 74037
 74062 74040

Array Size = 57
 75005 75005 75011 75011 75015 75020 75022 75029 75030 75030
 75031 75035 75036 75036 75037 75039 75040 75040 75040 75040
 75042 75043 75044 75044 75046 75047 75049 75051 75052 75056
 75059 75060 75063 75064 75068 75070 75072 75074 75074 75075
 75075 75075 75076 75077 75081 75081 75082 75083 75086 75091
 75091 75093 75093 75094 75095 75097 75099

Array Size = 61
 76047 76077 76059 76019 76098 76080 76081 76023 76038 76053
 76002 76022 76011 76000 76054 76001 76036 76053 76090 76081
 76060 76097 76011 76087 76015 76074 76098 76093 76088 76074
 76091 76025 76061 76093 76040 76085 76065 76099 76024 76042
 76056 76060 76041 76008 76017 76040 76013 76005 76066 76007
 76056 76079 76067 76095 76060 76043 76004 76009 76014 76087
 76030

Array Size = 42
 77004 77011 77012 77018 77020 77023 77025 77028 77028 77030
 77030 77031 77033 77038 77039 77040 77045 77045 77047 77047
 77050 77051 77060 77062 77064 77068 77072 77073 77074 77083
 77085 77088 77089 77091 77092 77093 77093 77094 77095 77095
 77096 77097

Array Size = 14
 78059 78012 78057 78052 78075 78069 78021 78050 78091 78043
 78011 78039 78076 78036

Array Size = 76
 79000 79001 79001 79001 79002 79009 79011 79011 79012 79013
 79015 79016 79016 79021 79022 79023 79023 79025 79026 79026
 79026 79026 79026 79027 79027 79034 79034 79039 79040 79041
 79047 79049 79050 79053 79054 79057 79058 79059 79059 79060
 79062 79062 79063 79064 79064 79065 79065 79068 79070 79070
 79072 79072 79072 79073 79074 79075 79075 79075 79075 79076
 79077 79079 79080 79081 79082 79083 79085 79087 79089 79092
 79092 79093 79094 79094 79095 79099

Array Size = 89
 80078 80000 80020 80014 80004 80076 80016 80020 80025 80067
 80058 80091 80084 80058 80091 80027 80099 80039 80031 80071
 80012 80010 80099 80010 80027 80006 80056 80001 80048 80010
 80081 80020 80045 80009 80041 80041 80095 80053 80052 80013
 80059 80003 80038 80085 80027 80034 80025 80090 80033 80024
 80015 80025 80025 80007 80059 80067 80063 80076 80032 80070
 80074 80039 80012 80044 80025 80012 80072 80045 80005 80046
 80034 80051 80036 80036 80042 80065 80026 80070 80045 80040
 80031 80012 80017 80090 80085 80014 80011 80083 80051

Array Size = 69
 81004 81005 81006 81006 81008 81009 81011 81012 81013 81014
 81017 81018 81018 81019 81020 81022 81022 81025 81026 81027
 81028 81029 81031 81033 81034 81042 81042 81044 81045 81045
 81046 81047 81048 81051 81051 81051 81052 81054 81054 81055
 81057 81060 81063 81065 81066 81066 81068 81071 81075 81076
 81078 81079 81082 81083 81083 81083 81084 81084 81085 81085
 81086 81090 81091 81091 81093 81095 81096 81097 81099

Array Size = 44
 82054 82042 82097 82096 82028 82027 82066 82040 82094 82000
 82015 82081 82038 82028 82011 82034 82020 82093 82046 82041
 82082 82099 82098 82031 82054 82082 82002 82067 82063 82061
 82066 82095 82050 82020 82023 82007 82014 82098 82073 82068
 82090 82019 82024 82036

Array Size = 49
 83002 83004 83006 83006 83009 83010 83011 83011 83011 83012
 83015 83015 83018 83022 83023 83024 83027 83029 83035 83036
 83039 83039 83041 83046 83048 83049 83052 83055 83059 83061
 83063 83063 83066 83072 83073 83077 83079 83079 83080 83082
 83084 83084 83085 83087 83088 83091 83092 83094 83097

Array Size = 33
 84079 84026 84071 84060 84056 84078 84079 84018 84095 84048
 84082 84055 84049 84091 84038 84009 84044 84019 84082 84020
 84081 84059 84030 84060 84048 84005 84054 84099 84092 84012
 84099 84039 84038

Array Size = 20
 85005 85007 85008 85010 85016 85026 85028 85029 85036 85041
 85044 85045 85048 85063 85063 85073 85075 85092 85094 85095


Array Size = 23
 86092 86064 86046 86070 86035 86000 86022 86034 86025 86020
 86085 86062 86061 86077 86029 86086 86094 86016 86014 86084
 86024 86050 86023

Array Size = 75
 87000 87002 87002 87003 87004 87004 87004 87005 87006 87013
 87013 87013 87014 87016 87017 87017 87018 87018 87021 87022
 87022 87025 87025 87026 87027 87030 87030 87030 87033 87034
 87034 87035 87038 87039 87041 87041 87042 87045 87045 87045
 87046 87047 87047 87048 87052 87055 87055 87057 87058 87060
 87062 87063 87064 87066 87069 87069 87072 87073 87074 87077
 87078 87078 87080 87083 87083 87084 87084 87088 87089 87090
 87090 87095 87095 87098 87099

Array Size = 87
 88091 88081 88098 88071 88093 88055 88010 88033 88056 88046
 88052 88094 88026 88086 88082 88043 88048 88082 88067 88033
 88046 88002 88023 88033 88002 88078 88089 88095 88049 88051
 88071 88057 88008 88003 88061 88032 88055 88010 88063 88086
 88093 88084 88072 88051 88049 88036 88075 88064 88008 88018
 88025 88034 88093 88040 88090 88055 88018 88044 88005 88057
 88058 88066 88025 88046 88046 88048 88025 88062 88005 88009
 88055 88068 88028 88095 88055 88019 88090 88013 88079 88026
 88082 88065 88080 88045 88059 88009 88052

Array Size = 91
 89006 89006 89008 89008 89010 89013 89014 89015 89016 89018
 89019 89020 89021 89025 89026 89027 89029 89029 89030 89031
 89031 89032 89033 89035 89035 89035 89037 89038 89038 89039
 89039 89040 89040 89041 89042 89044 89044 89044 89045 89047
 89047 89048 89048 89048 89049 89052 89052 89055 89058 89058
 89061 89061 89062 89064 89065 89065 89067 89069 89072 89073
 89075 89075 89075 89075 89077 89080 89080 89081 89081 89081
 89082 89083 89083 89083 89085 89085 89086 89086 89089 89092
 89092 89092 89092 89093 89093 89094 89095 89095 89097 89098
 89099

Array Size = 28
 90020 90003 90044 90021 90024 90044 90071 90042 90013 90008
 90002 90064 90071 90040 90092 90023 90055 90060 90074 90047
 90095 90068 90046 90057 90056 90069 90053 90018

Array Size = 92
 91000 91000 91011 91013 91016 91016 91016 91018 91019 91019
 91019 91020 91020 91021 91021 91022 91023 91025 91025 91026
 91028 91028 91029 91029 91034 91035 91036 91036 91038 91038
 91038 91039 91040 91041 91044 91048 91048 91050 91050 91051
 91051 91052 91052 91052 91053 91055 91056 91056 91058 91058
 91058 91059 91060 91062 91064 91067 91068 91071 91071 91072
 91073 91075 91076 91076 91076 91078 91078 91079 91080 91080
 91080 91081 91081 91082 91083 91084 91085 91087 91087 91089
 91091 91091 91091 91092 91093 91096 91096 91096 91097 91098
 91098 91099

Array Size = 70
 92033 92051 92070 92085 92019 92052 92067 92001 92070 92039
 92014 92011 92050 92008 92058 92042 92001 92049 92039 92019
 92059 92084 92061 92060 92043 92034 92008 92001 92069 92066
 92051 92042 92001 92022 92091 92027 92086 92019 92037 92068
 92038 92035 92048 92021 92066 92001 92022 92075 92080 92067
 92041 92076 92063 92079 92031 92032 92021 92071 92056 92015
 92040 92065 92063 92092 92075 92047 92023 92067 92033 92069


Array Size = 23
 93011 93036 93036 93037 93041 93043 93044 93051 93052 93059
 93061 93061 93064 93064 93065 93069 93073 93075 93078 93078
 93081 93081 93085

Array Size = 19
 94001 94099 94085 94093 94015 94002 94051 94042 94006 94054
 94087 94018 94093 94099 94098 94047 94006 94058 94041

Array Size = 38
 95006 95006 95007 95016 95017 95017 95018 95018 95026 95029
 95033 95036 95037 95037 95038 95051 95051 95054 95056 95057
 95058 95059 95061 95064 95066 95067 95068 95071 95077 95079
 95080 95084 95084 95084 95085 95086 95086 95097

Array Size = 86
 96097 96021 96073 96081 96067 96089 96022 96088 96060 96017
 96074 96027 96018 96030 96015 96072 96038 96053 96019 96089
 96038 96058 96002 96005 96036 96092 96093 96009 96079 96016
 96019 96047 96042 96086 96078 96097 96074 96056 96050 96050
 96016 96068 96037 96060 96055 96004 96058 96063 96003 96005
 96016 96090 96075 96018 96026 96067 96030 96033 96077 96070
 96079 96075 96066 96081 96066 96065 96004 96028 96064 96055
 96053 96083 96027 96005 96097 96072 96068 96087 96068 96002
 96013 96010 96083 96086 96048 96087

Array Size = 49
 97000 97004 97004 97006 97008 97009 97012 97013 97013 97017
 97018 97018 97023 97024 97025 97026 97029 97029 97037 97037
 97038 97039 97041 97049 97058 97060 97061 97065 97066 97068
 97069 97070 97070 97071 97071 97075 97077 97078 97081 97083
 97086 97087 97088 97088 97090 97096 97096 97099 97099

Array Size = 97
 98043 98059 98075 98008 98066 98054 98066 98052 98039 98030
 98097 98025 98068 98054 98015 98010 98072 98099 98092 98027
 98027 98002 98097 98071 98012 98065 98080 98086 98091 98029
 98061 98062 98015 98055 98067 98002 98061 98054 98087 98078
 98044 98055 98048 98066 98072 98055 98018 98040 98096 98075
 98073 98078 98068 98064 98064 98055 98003 98018 98035 98080
 98013 98047 98022 98055 98053 98023 98084 98095 98034 98087
 98020 98092 98022 98003 98029 98089 98053 98054 98000 98047
 98021 98026 98084 98084 98048 98028 98021 98055 98016 98068
 98051 98042 98097 98015 98035 98086 98063

Array Size = 12
 99006 99016 99034 99054 99057 99065 99069 99074 99081 99082
 99086 99097
70 98073
 98065 98004 98086 98097 98062 98097 98055 98059 98089 98080
 98097 98007 98050 98060 98070 98064

Array Size = 12
 99004 99028 99034 99034 99042 99047 99054 99056 99062 99073
 99090 99093
ze = 48
 99000 99005 99005 99005 99006 99010 99011 99011 99013 99013
 99018 99024 99027 99028 99033 99038 99042 99047 99049 99049
 99049 99053 99054 99054 99058 99062 99066 99068 99069 99069
 99073 99073 99076 99076 99077 99077 99079 99081 99082 99086
 99087 99088 99091 99091 99091 99094 99095 99098
9092 99092 99097
99019 99020 99021 99022 99023 99028 99030
 99031 99031 99032 99032 99032 99033 99035 99036 99037 99037
 99038 99038 99039 99039 99042 99044 99044 99044 99047 99048
 99049 99049 99050 99051 99051 99051 99052 99052 99052 99052
 99052 99053 99054 99054 99055 99055 99055 99056 99056 99056
 99057 99058 99059 99059 99060 99061 99064 99064 99066 99067
 99067 99068 99069 99072 99074 99076 99076 99077 99078 99084
 99084 99086 99090 99091 99091 99094 99095 99099 99099 99099

