
Array Size = 50
    72    46     6    38    47    48    22    13    15    52
    52    46    50    95    60    29    22    85    59    65
    55    32    56    43    18    58    96    39    74     7
    19    22    28    50    26    95    31    37     1    14
     8    98    15    93    13    68    67     7    84    99


Array Size = 50
  1041  1011  1018  1009  1061  1092  1055  1040  1064  1053
  1068  1034  1049  1097  1050  1066  1066  1012  1082  1065
  1094  1033  1018  1001  1034  1092  1009  1046  1036  1030
  1098  1090  1096  1078  1084  1031  1074  1036  1028  1063
  1095  1076  1024  1029  1095  1050  1063  1011  1074  1016


Array Size = 50
  2089  2084  2060  2096  2060  2099  2081  2040  2080  2024
  2035  2060  2017  2098  2025  2003  2013  2042  2083  2053
  2036  2082  2068  2035  2043  2097  2062  2056  2049  2079
  2075  2072  2003  2032  2047  2099  2079  2097  2007  2003
  2072  2003  2086  2008  2050  2082  2027  2092  2033  2097


Array Size = 50
  3018  3022  3067  3021  3067  3092  3059  3064  3063  3070
  3006  3097  3023  3026  3076  3047  3071  3030  3033  3025
  3042  3076  3028  3003  3071  3095  3026  3056  3045  3047
  3088  3037  3037  3090  3020  3097  3079  3071  3029  3072
  3071  3081  3022  3091  3017  3048  3093  3073  3079  3075


Array Size = 50
  4010  4036  4027  4099  4060  4044  4088  4017  4051  4019
  4034  4029  4079  4026  4092  4037  4097  4066  4079  4022
  4018  4046  4046  4011  4099  4034  4014  4007  4048  4057
  4036  4045  4013  4024  4063  4023  4030  4060  4087  4049
  4071  4055  4044  4050  4063  4075  4027  4047  4087  4025


Array Size = 50
  5051  5003  5031  5008  5050  5075  5087  5049  5053  5096
  5022  5030  5042  5098  5078  5090  5046  5074  5089  5096
  5047  5081  5042  5068  5018  5027  5065  5047  5080  5014
  5017  5095  5046  5040  5070  5047  5094  5076  5096  5063
  5063  5057  5099  5079  5023  5013  5090  5020  5035  5021


Array Size = 50
  6050  6056  6054  6053  6090  6058  6086  6022  6023  6046
  6021  6036  6069  6016  6051  6037  6009  6064  6076  6008
  6034  6005  6043  6053  6011  6023  6004  6093  6046  6065
  6024  6010  6071  6039  6007  6088  6020  6046  6074  6097
  6065  6057  6095  6093  6044  6037  6011  6051  6075  6045


Array Size = 50
  7043  7038  7019  7057  7091  7064  7064  7086  7093  7018
  7009  7040  7035  7096  7043  7012  7077  7063  7060  7009
  7024  7027  7060  7077  7032  7074  7044  7043  7029  7083
  7057  7006  7024  7072  7003  7058  7095  7012  7067  7072
  7021  7051  7003  7006  7042  7093  7065  7090  7015  7093


Array Size = 50
  8027  8071  8079  8058  8008  8054  8008  8084  8009  8015
  8084  8078  8042  8098  8065  8007  8008  8046  8003  8096
  8022  8087  8088  8066  8052  8022  8010  8038  8024  8071
  8043  8039  8095  8035  8011  8073  8095  8003  8008  8064
  8020  8039  8086  8096  8079  8023  8081  8082  8021  8019


Array Size = 50
  9059  9084  9071  9031  9069  9095  9068  9092  9085  9034
  9091  9055  9090  9054  9045  9022  9061  9004  9074  9018
  9032  9060  9009  9049  9002  9026  9085  9017  9063  9010
  9096  9055  9031  9048  9086  9030  9061  9016  9031  9093
  9084  9020  9038  9082  9050  9033  9004  9023  9068  9025


Array Size = 50
 10043 10001 10075 10027 10062 10079 10054 10063 10065 10007
 10042 10036 10094 10020 10005 10068 10075 10069 10023 10009
 10007 10002 10060 10060 10015 10031 10067 10098 10016 10032
 10039 10047 10065 10010 10053 10082 10050 10065 10008 10017
 10045 10035 10099 10005 10040 10085 10082 10027 10084 10008


Array Size = 50
 11038 11017 11041 11070 11052 11055 11008 11099 11078 11013
 11036 11049 11058 11024 11017 11023 11018 11053 11049 11014
 11049 11037 11082 11076 11002 11027 11096 11097 11041 11034
 11036 11073 11007 11082 11054 11029 11042 11098 11082 11063
 11013 11078 11095 11095 11053 11029 11070 11009 11087 11086


Array Size = 50
 12037 12045 12083 12058 12034 12063 12096 12037 12073 12003
 12005 12027 12060 12071 12092 12063 12020 12077 12069 12099
 12071 12044 12005 12088 12036 12017 12062 12060 12068 12098
 12031 12028 12059 12077 12007 12045 12060 12006 12015 12025
 12011 12000 12037 12066 12069 12090 12002 12095 12094 12076


Array Size = 50
 13021 13021 13009 13028 13055 13031 13087 13009 13078 13001
 13040 13023 13012 13047 13058 13085 13046 13040 13074 13092
 13045 13006 13037 13015 13086 13086 13020 13023 13044 13049
 13034 13029 13065 13063 13082 13037 13053 13076 13088 13002
 13099 13053 13083 13071 13061 13074 13077 13055 13096 13091


Array Size = 50
 14028 14034 14000 14074 14087 14038 14073 14062 14066 14057
 14078 14054 14071 14084 14098 14006 14083 14085 14021 14053
 14069 14060 14096 14031 14021 14093 14096 14051 14082 14018
 14061 14071 14023 14020 14079 14027 14069 14076 14093 14097
 14072 14005 14091 14076 14074 14054 14072 14087 14056 14061


Array Size = 50
 15025 15044 15029 15041 15080 15050 15076 15043 15038 15069
 15062 15072 15019 15092 15026 15094 15066 15085 15011 15097
 15021 15058 15035 15037 15062 15047 15041 15051 15044 15058
 15042 15005 15007 15081 15014 15039 15031 15098 15075 15083
 15073 15096 15078 15071 15060 15088 15030 15045 15097 15036


Array Size = 50
 16077 16046 16074 16035 16021 16072 16044 16098 16025 16004
 16035 16084 16048 16008 16073 16095 16099 16033 16081 16036
 16029 16068 16013 16063 16077 16029 16019 16044 16093 16064
 16000 16039 16020 16088 16007 16079 16016 16031 16063 16041
 16069 16055 16037 16094 16073 16064 16034 16056 16060 16080


Array Size = 50
 17040 17012 17067 17000 17092 17066 17020 17072 17028 17032
 17015 17003 17033 17081 17089 17024 17093 17086 17082 17036
 17068 17025 17028 17096 17045 17028 17022 17013 17061 17078
 17097 17078 17001 17085 17045 17032 17016 17083 17018 17014
 17079 17062 17024 17071 17031 17006 17063 17075 17080 17043


Array Size = 50
 18017 18034 18025 18064 18047 18080 18046 18020 18087 18079
 18088 18074 18086 18063 18066 18098 18051 18067 18096 18076
 18035 18023 18074 18058 18078 18083 18034 18043 18054 18069
 18005 18087 18084 18042 18067 18083 18002 18097 18054 18057
 18083 18069 18076 18012 18047 18004 18026 18007 18072 18038


Array Size = 50
 19013 19066 19083 19049 19086 19095 19090 19091 19068 19047
 19018 19076 19014 19000 19016 19032 19039 19082 19088 19013
 19053 19003 19061 19047 19005 19037 19086 19038 19087 19003
 19043 19090 19023 19038 19089 19090 19090 19061 19003 19002
 19008 19020 19023 19066 19039 19038 19038 19014 19092 19076


Array Size = 50
 20063 20021 20088 20004 20007 20019 20029 20001 20012 20009
 20043 20035 20003 20084 20097 20028 20022 20078 20093 20097
 20043 20044 20072 20073 20056 20049 20095 20068 20013 20009
 20082 20069 20002 20071 20013 20066 20037 20035 20014 20082
 20088 20087 20013 20022 20014 20050 20089 20025 20005 20014


Array Size = 50
 21025 21004 21021 21029 21049 21004 21057 21024 21057 21045
 21014 21026 21018 21029 21035 21007 21042 21090 21037 21019
 21000 21046 21064 21010 21009 21079 21085 21054 21077 21007
 21010 21067 21088 21046 21088 21052 21016 21029 21091 21088
 21043 21060 21071 21003 21071 21067 21027 21012 21008 21083


Array Size = 50
 22009 22074 22089 22049 22039 22002 22079 22079 22059 22078
 22000 22023 22043 22085 22042 22053 22033 22060 22044 22082
 22065 22041 22043 22085 22074 22018 22037 22018 22097 22031
 22058 22039 22070 22081 22049 22070 22064 22005 22020 22002
 22035 22086 22082 22041 22057 22096 22089 22036 22019 22085


Array Size = 50
 23024 23022 23087 23064 23095 23089 23080 23054 23055 23083
 23016 23038 23037 23021 23082 23051 23097 23067 23067 23027
 23041 23011 23031 23040 23017 23064 23057 23014 23078 23024
 23024 23045 23073 23031 23044 23000 23071 23075 23022 23027
 23036 23002 23075 23012 23035 23094 23030 23030 23021 23078


Array Size = 50
 24036 24063 24079 24061 24050 24090 24042 24001 24052 24081
 24015 24072 24088 24045 24020 24045 24051 24026 24068 24083
 24050 24048 24063 24027 24072 24059 24048 24092 24008 24074
 24016 24088 24043 24022 24038 24079 24009 24058 24048 24037
 24062 24097 24024 24068 24066 24090 24014 24042 24016 24031


Array Size = 50
 25012 25025 25011 25003 25017 25050 25094 25040 25057 25030
 25015 25012 25099 25086 25018 25027 25034 25006 25031 25025
 25044 25022 25097 25099 25078 25097 25098 25032 25026 25024
 25027 25091 25035 25088 25002 25033 25003 25047 25013 25060
 25013 25033 25039 25074 25072 25098 25035 25014 25063 25001


Array Size = 50
 26079 26065 26034 26028 26036 26042 26092 26027 26077 26058
 26070 26030 26063 26093 26003 26020 26005 26017 26034 26018
 26021 26077 26051 26003 26065 26094 26045 26015 26096 26020
 26008 26012 26083 26084 26085 26014 26062 26024 26066 26054
 26045 26047 26039 26098 26047 26032 26038 26088 26090 26061


Array Size = 50
 27008 27024 27082 27097 27028 27084 27044 27071 27061 27050
 27030 27044 27010 27057 27079 27022 27000 27002 27038 27098
 27039 27017 27053 27037 27086 27058 27093 27036 27007 27028
 27031 27018 27061 27083 27089 27052 27050 27023 27086 27003
 27004 27048 27075 27068 27088 27014 27062 27083 27077 27021


Array Size = 50
 28062 28090 28033 28008 28012 28050 28056 28050 28094 28030
 28036 28002 28034 28079 28041 28046 28042 28026 28075 28001
 28018 28006 28083 28098 28045 28011 28029 28082 28020 28036
 28040 28011 28009 28010 28073 28069 28025 28038 28083 28070
 28055 28012 28042 28065 28075 28007 28089 28029 28091 28097


Array Size = 50
 29018 29016 29053 29059 29073 29008 29025 29045 29037 29017
 29050 29055 29036 29026 29076 29064 29002 29049 29082 29019
 29037 29089 29098 29011 29030 29025 29003 29048 29058 29074
 29027 29063 29050 29081 29016 29021 29002 29074 29084 29000
 29096 29036 29083 29017 29015 29047 29043 29011 29049 29007


Array Size = 50
 30022 30064 30004 30057 30003 30095 30085 30064 30043 30008
 30079 30062 30041 30062 30089 30067 30072 30099 30059 30026
 30076 30080 30084 30028 30000 30035 30014 30015 30022 30019
 30066 30097 30042 30066 30035 30035 30080 30033 30068 30092
 30009 30035 30087 30026 30006 30089 30051 30097 30053 30052


Array Size = 50
 31071 31098 31028 31018 31081 31033 31065 31097 31063 31064
 31006 31046 31025 31030 31084 31032 31055 31099 31074 31063
 31045 31073 31003 31007 31044 31059 31067 31003 31008 31049
 31097 31013 31044 31015 31027 31010 31009 31062 31066 31001
 31061 31044 31011 31078 31073 31061 31050 31040 31018 31065


Array Size = 50
 32076 32017 32073 32076 32065 32098 32083 32026 32013 32084
 32039 32009 32053 32096 32026 32034 32085 32016 32025 32003
 32050 32012 32073 32070 32014 32013 32050 32059 32093 32012
 32074 32007 32078 32069 32024 32020 32002 32009 32090 32025
 32090 32058 32061 32069 32062 32047 32002 32011 32017 32018


Array Size = 50
 33017 33005 33055 33007 33068 33069 33057 33021 33088 33037
 33061 33086 33092 33095 33049 33088 33017 33055 33018 33010
 33088 33007 33047 33005 33051 33078 33034 33029 33097 33058
 33074 33058 33014 33060 33000 33024 33007 33022 33056 33080
 33074 33086 33033 33017 33046 33042 33069 33058 33077 33094


Array Size = 50
 34062 34014 34081 34038 34031 34040 34006 34016 34041 34039
 34081 34073 34066 34000 34026 34068 34050 34010 34095 34071
 34017 34065 34013 34022 34064 34061 34036 34015 34062 34049
 34085 34036 34004 34036 34067 34012 34015 34088 34083 34029
 34058 34030 34023 34080 34054 34012 34051 34032 34052 34073


Array Size = 50
 35023 35002 35013 35092 35040 35015 35022 35094 35087 35018
 35078 35066 35058 35000 35071 35021 35037 35040 35048 35027
 35003 35080 35010 35063 35030 35008 35046 35044 35016 35007
 35046 35051 35071 35072 35033 35053 35032 35080 35001 35020
 35039 35081 35075 35053 35004 35045 35087 35092 35079 35019


Array Size = 50
 36023 36059 36045 36011 36048 36049 36044 36004 36081 36074
 36020 36047 36033 36035 36097 36043 36041 36016 36044 36015
 36059 36093 36019 36012 36058 36033 36078 36026 36066 36066
 36076 36040 36006 36011 36001 36004 36032 36035 36048 36010
 36068 36014 36067 36003 36098 36044 36088 36055 36037 36044


Array Size = 50
 37017 37002 37029 37018 37016 37026 37063 37026 37009 37073
 37082 37093 37006 37021 37040 37056 37007 37029 37085 37004
 37088 37097 37049 37087 37094 37090 37089 37081 37073 37041
 37008 37044 37043 37006 37079 37042 37044 37061 37002 37037
 37043 37062 37050 37026 37076 37015 37037 37062 37099 37060


Array Size = 50
 38041 38071 38095 38093 38029 38033 38012 38044 38084 38039
 38059 38069 38009 38084 38002 38087 38067 38009 38031 38042
 38074 38083 38081 38006 38028 38052 38038 38041 38001 38079
 38086 38061 38091 38025 38030 38076 38062 38045 38074 38031
 38020 38028 38011 38071 38079 38082 38031 38098 38024 38053


Array Size = 50
 39044 39086 39030 39070 39074 39012 39052 39047 39011 39097
 39087 39022 39093 39072 39096 39026 39028 39092 39012 39031
 39056 39061 39091 39050 39026 39085 39098 39073 39018 39039
 39046 39019 39054 39033 39002 39025 39065 39070 39099 39018
 39001 39029 39016 39023 39082 39074 39068 39005 39041 39018


Array Size = 50
 40065 40082 40009 40028 40080 40038 40007 40049 40013 40092
 40070 40010 40010 40080 40047 40066 40062 40087 40092 40088
 40090 40023 40068 40078 40081 40004 40070 40055 40045 40052
 40038 40058 40033 40034 40032 40049 40025 40073 40070 40057
 40035 40082 40015 40006 40084 40073 40051 40013 40099 40010


Array Size = 50
 41043 41097 41074 41088 41025 41099 41036 41069 41021 41079
 41045 41063 41070 41041 41022 41071 41014 41065 41038 41049
 41040 41032 41089 41039 41027 41096 41002 41088 41086 41005
 41077 41036 41033 41033 41017 41050 41085 41029 41092 41091
 41011 41036 41011 41035 41073 41057 41054 41011 41031 41015


Array Size = 50
 42091 42078 42017 42014 42067 42092 42091 42096 42064 42033
 42088 42090 42077 42033 42024 42018 42015 42002 42049 42065
 42028 42059 42026 42077 42094 42041 42085 42053 42088 42093
 42091 42081 42003 42067 42034 42079 42013 42010 42044 42092
 42030 42049 42030 42089 42081 42053 42022 42087 42007 42024


Array Size = 50
 43046 43055 43071 43003 43020 43072 43033 43012 43045 43080
 43071 43051 43045 43052 43026 43090 43028 43082 43052 43081
 43052 43061 43005 43020 43008 43039 43054 43077 43098 43005
 43060 43031 43009 43000 43025 43091 43093 43025 43028 43063
 43074 43015 43051 43063 43046 43077 43030 43014 43098 43016


Array Size = 50
 44063 44034 44054 44048 44053 44037 44056 44089 44068 44010
 44092 44092 44020 44041 44058 44012 44085 44055 44091 44069
 44021 44039 44030 44047 44008 44051 44006 44041 44033 44046
 44043 44028 44090 44044 44053 44096 44051 44090 44071 44059
 44012 44078 44012 44072 44083 44086 44012 44018 44076 44047


Array Size = 50
 45037 45037 45013 45022 45038 45047 45092 45055 45060 45039
 45028 45004 45064 45075 45046 45052 45080 45012 45094 45049
 45067 45077 45083 45053 45031 45009 45068 45055 45036 45096
 45055 45017 45003 45053 45005 45096 45085 45087 45047 45021
 45098 45091 45076 45024 45060 45040 45068 45054 45073 45094


Array Size = 50
 46089 46058 46004 46090 46047 46021 46022 46021 46073 46013
 46034 46030 46042 46077 46034 46007 46082 46083 46028 46018
 46099 46029 46031 46096 46089 46095 46047 46027 46007 46072
 46045 46006 46048 46089 46048 46084 46034 46060 46051 46031
 46021 46061 46073 46079 46072 46019 46014 46072 46020 46040


Array Size = 50
 47086 47041 47099 47063 47083 47054 47064 47039 47062 47006
 47008 47088 47079 47004 47077 47071 47055 47008 47020 47028
 47026 47043 47012 47091 47004 47048 47037 47094 47052 47096
 47078 47071 47049 47096 47014 47076 47095 47049 47032 47099
 47072 47094 47027 47027 47021 47022 47018 47008 47001 47055


Array Size = 50
 48033 48074 48025 48079 48085 48081 48073 48070 48072 48047
 48074 48052 48048 48015 48076 48016 48023 48039 48034 48056
 48061 48075 48021 48053 48097 48054 48063 48020 48083 48013
 48055 48040 48040 48085 48055 48030 48063 48075 48038 48028
 48000 48050 48017 48034 48019 48082 48080 48099 48018 48075


Array Size = 50
 49086 49096 49061 49027 49001 49064 49092 49048 49021 49020
 49021 49068 49079 49041 49020 49070 49016 49013 49062 49031
 49080 49057 49094 49055 49080 49063 49061 49037 49034 49029
 49096 49007 49078 49046 49016 49077 49029 49048 49013 49090
 49042 49040 49093 49062 49089 49093 49076 49079 49088 49064


Array Size = 50
 50017 50063 50095 50064 50075 50038 50065 50039 50077 50007
 50015 50012 50034 50038 50019 50097 50063 50021 50044 50034
 50004 50064 50006 50038 50043 50044 50020 50064 50076 50074
 50012 50072 50017 50011 50040 50070 50002 50006 50026 50001
 50029 50015 50075 50002 50008 50081 50038 50044 50033 50009


Array Size = 50
 51070 51069 51016 51077 51024 51012 51051 51048 51030 51010
 51054 51082 51000 51036 51084 51065 51020 51045 51078 51033
 51094 51073 51082 51058 51026 51096 51019 51048 51077 51087
 51069 51095 51054 51044 51012 51042 51040 51004 51074 51075
 51087 51071 51071 51049 51088 51002 51056 51084 51063 51036


Array Size = 50
 52049 52085 52006 52032 52037 52022 52071 52098 52035 52044
 52076 52088 52079 52037 52014 52081 52090 52015 52033 52089
 52046 52077 52054 52015 52067 52026 52052 52068 52079 52083
 52006 52042 52038 52034 52082 52061 52019 52048 52080 52054
 52020 52005 52080 52075 52017 52017 52073 52077 52037 52017


Array Size = 50
 53041 53094 53095 53012 53047 53038 53033 53088 53043 53094
 53009 53066 53077 53044 53067 53041 53048 53000 53056 53081
 53044 53038 53019 53021 53076 53069 53081 53004 53002 53070
 53044 53078 53070 53038 53021 53020 53071 53063 53055 53025
 53034 53037 53064 53042 53006 53098 53013 53017 53068 53067


Array Size = 50
 54033 54080 54087 54074 54007 54005 54092 54088 54006 54089
 54021 54071 54084 54039 54017 54054 54038 54066 54099 54005
 54058 54063 54006 54051 54046 54089 54061 54011 54054 54054
 54028 54032 54091 54075 54091 54097 54047 54000 54056 54037
 54012 54096 54095 54095 54057 54027 54041 54063 54070 54039


Array Size = 50
 55092 55001 55092 55065 55019 55024 55063 55041 55074 55019
 55071 55003 55091 55080 55019 55079 55089 55048 55060 55044
 55073 55029 55013 55036 55004 55045 55029 55083 55063 55050
 55047 55089 55072 55051 55099 55011 55051 55079 55046 55028
 55045 55034 55084 55012 55032 55080 55079 55004 55016 55089


Array Size = 50
 56065 56082 56040 56008 56090 56085 56085 56064 56076 56031
 56035 56084 56063 56084 56034 56024 56018 56061 56016 56039
 56084 56008 56084 56052 56014 56099 56045 56066 56019 56093
 56068 56014 56033 56044 56070 56091 56098 56049 56080 56037
 56010 56035 56034 56025 56035 56046 56048 56037 56016 56079


Array Size = 50
 57045 57096 57084 57092 57086 57083 57098 57017 57075 57045
 57045 57040 57047 57078 57060 57039 57086 57007 57094 57009
 57029 57090 57005 57061 57082 57010 57032 57088 57094 57030
 57052 57064 57017 57097 57073 57054 57006 57012 57002 57025
 57007 57089 57071 57057 57029 57065 57008 57015 57006 57070


Array Size = 50
 58021 58080 58012 58097 58014 58042 58015 58046 58053 58014
 58097 58027 58024 58038 58044 58007 58089 58053 58078 58066
 58095 58037 58091 58088 58058 58009 58095 58035 58072 58009
 58008 58036 58022 58031 58078 58022 58050 58001 58022 58017
 58000 58015 58008 58024 58095 58047 58061 58074 58083 58057


Array Size = 50
 59003 59000 59020 59099 59045 59017 59020 59049 59059 59083
 59079 59053 59090 59065 59092 59048 59045 59082 59076 59040
 59061 59098 59040 59013 59020 59012 59051 59047 59068 59097
 59076 59049 59090 59058 59075 59077 59008 59037 59007 59040
 59073 59094 59024 59018 59024 59036 59037 59071 59033 59081


Array Size = 50
 60032 60028 60068 60088 60031 60060 60007 60015 60076 60039
 60033 60008 60091 60088 60032 60029 60056 60043 60079 60046
 60065 60018 60066 60016 60017 60044 60084 60005 60079 60018
 60073 60067 60013 60047 60066 60085 60019 60038 60091 60005
 60076 60035 60033 60053 60086 60027 60012 60041 60008 60046


Array Size = 50
 61030 61099 61092 61078 61006 61060 61044 61042 61089 61058
 61056 61020 61096 61027 61063 61014 61036 61014 61099 61004
 61025 61007 61083 61077 61095 61056 61099 61092 61027 61056
 61009 61086 61075 61096 61034 61026 61011 61047 61032 61042
 61008 61021 61004 61012 61022 61065 61080 61005 61030 61022


Array Size = 50
 62083 62019 62082 62074 62024 62024 62005 62039 62064 62014
 62034 62025 62026 62030 62000 62049 62013 62040 62002 62056
 62034 62020 62037 62041 62042 62024 62099 62023 62091 62071
 62091 62036 62086 62061 62023 62083 62057 62069 62076 62032
 62075 62044 62089 62050 62012 62062 62005 62026 62028 62092


Array Size = 50
 63040 63071 63005 63052 63061 63043 63044 63077 63000 63016
 63028 63080 63021 63099 63055 63051 63077 63034 63017 63086
 63044 63030 63051 63050 63099 63092 63066 63003 63071 63020
 63069 63001 63019 63004 63059 63049 63062 63003 63031 63092
 63017 63081 63033 63044 63072 63078 63087 63080 63065 63032


Array Size = 50
 64078 64057 64008 64021 64047 64062 64067 64025 64084 64049
 64083 64099 64095 64061 64079 64068 64084 64052 64095 64018
 64011 64082 64073 64020 64012 64012 64034 64067 64034 64038
 64062 64020 64088 64017 64084 64028 64040 64044 64087 64011
 64069 64059 64073 64046 64009 64064 64016 64002 64058 64007


Array Size = 50
 65062 65080 65086 65067 65022 65039 65099 65029 65079 65031
 65031 65099 65070 65055 65037 65011 65016 65016 65063 65004
 65068 65001 65047 65097 65049 65071 65057 65075 65011 65068
 65072 65028 65015 65053 65092 65068 65077 65066 65018 65050
 65058 65095 65007 65042 65068 65051 65074 65024 65012 65026


Array Size = 50
 66036 66013 66043 66006 66037 66080 66062 66025 66039 66088
 66025 66068 66057 66071 66021 66078 66074 66033 66010 66010
 66077 66024 66075 66032 66041 66084 66077 66009 66052 66097
 66093 66004 66086 66066 66004 66099 66062 66091 66064 66061
 66045 66025 66057 66050 66075 66081 66026 66036 66072 66036


Array Size = 50
 67072 67094 67010 67066 67039 67090 67092 67072 67091 67059
 67022 67089 67091 67027 67075 67036 67014 67031 67040 67048
 67090 67040 67015 67011 67079 67026 67027 67060 67014 67000
 67034 67052 67010 67080 67008 67076 67096 67046 67089 67022
 67099 67006 67049 67051 67086 67067 67079 67045 67096 67029


Array Size = 50
 68054 68091 68027 68038 68028 68061 68015 68092 68042 68010
 68081 68012 68046 68047 68000 68053 68059 68070 68036 68096
 68032 68041 68095 68014 68003 68086 68017 68090 68049 68063
 68059 68011 68088 68053 68033 68082 68007 68013 68021 68049
 68052 68003 68037 68049 68097 68062 68042 68098 68081 68003


Array Size = 50
 69035 69055 69034 69066 69037 69052 69087 69010 69076 69036
 69054 69097 69018 69078 69035 69014 69095 69088 69052 69013
 69064 69059 69010 69029 69046 69064 69031 69055 69071 69008
 69074 69066 69065 69025 69024 69055 69020 69084 69094 69095
 69065 69070 69019 69047 69091 69058 69089 69089 69071 69085


Array Size = 50
 70038 70074 70062 70031 70012 70075 70075 70044 70015 70039
 70081 70066 70095 70038 70022 70097 70084 70053 70057 70019
 70021 70099 70022 70092 70092 70024 70055 70056 70049 70058
 70062 70073 70093 70049 70038 70088 70066 70051 70003 70040
 70059 70055 70077 70081 70083 70063 70067 70002 70079 70018


Array Size = 50
 71063 71037 71030 71089 71032 71017 71042 71031 71083 71091
 71051 71031 71039 71078 71021 71018 71029 71081 71005 71083
 71097 71096 71013 71060 71067 71077 71097 71010 71007 71060
 71007 71035 71079 71001 71063 71027 71007 71033 71006 71006
 71059 71060 71056 71042 71062 71082 71023 71081 71077 71058


Array Size = 50
 72076 72015 72083 72033 72016 72095 72050 72053 72085 72018
 72057 72009 72062 72018 72005 72072 72048 72032 72008 72083
 72075 72026 72069 72046 72002 72081 72060 72026 72053 72043
 72081 72056 72043 72022 72069 72033 72079 72029 72096 72034
 72033 72062 72073 72092 72092 72050 72030 72080 72014 72040


Array Size = 50
 73055 73075 73071 73045 73072 73058 73021 73056 73015 73051
 73060 73022 73019 73029 73078 73036 73024 73006 73011 73018
 73076 73002 73054 73097 73078 73080 73055 73023 73079 73017
 73001 73004 73030 73079 73001 73089 73087 73068 73008 73065
 73022 73000 73081 73024 73093 73023 73093 73058 73093 73026


Array Size = 50
 74051 74064 74077 74015 74010 74018 74009 74066 74000 74068
 74040 74036 74024 74080 74056 74025 74031 74064 74078 74052
 74061 74051 74046 74061 74087 74078 74023 74077 74058 74082
 74048 74098 74039 74038 74076 74097 74014 74091 74074 74024
 74047 74059 74077 74051 74091 74030 74037 74097 74079 74015


Array Size = 50
 75012 75009 75012 75031 75074 75048 75051 75052 75019 75021
 75037 75023 75064 75034 75009 75075 75083 75005 75076 75003
 75021 75004 75011 75088 75038 75023 75036 75048 75009 75075
 75067 75090 75059 75032 75040 75082 75019 75064 75023 75095
 75095 75082 75053 75062 75055 75075 75082 75073 75006 75088


Array Size = 50
 76028 76024 76015 76071 76042 76064 76083 76030 76034 76075
 76091 76006 76026 76079 76094 76084 76055 76012 76024 76054
 76033 76050 76013 76054 76077 76056 76069 76052 76045 76046
 76016 76090 76002 76060 76019 76024 76015 76040 76061 76070
 76020 76024 76048 76033 76045 76043 76009 76032 76006 76035


Array Size = 50
 77068 77075 77024 77061 77073 77016 77092 77022 77085 77026
 77030 77081 77027 77013 77057 77044 77066 77087 77013 77020
 77033 77035 77039 77021 77032 77033 77019 77058 77016 77015
 77049 77039 77086 77094 77029 77048 77044 77011 77076 77080
 77096 77006 77048 77033 77013 77002 77032 77060 77058 77041


Array Size = 50
 78053 78086 78080 78084 78088 78091 78076 78042 78009 78054
 78012 78074 78001 78011 78040 78060 78071 78047 78067 78091
 78068 78035 78044 78012 78063 78066 78091 78027 78028 78052
 78001 78020 78093 78021 78024 78041 78061 78063 78036 78017
 78089 78001 78040 78096 78028 78077 78057 78012 78089 78094


Array Size = 50
 79079 79058 79022 79062 79027 79032 79010 79076 79013 79001
 79071 79066 79062 79052 79055 79046 79077 79069 79007 79016
 79038 79030 79094 79031 79032 79032 79003 79077 79067 79016
 79084 79007 79057 79007 79033 79001 79088 79018 79041 79019
 79018 79021 79082 79022 79001 79075 79001 79033 79084 79016


Array Size = 50
 80071 80094 80067 80070 80036 80090 80092 80026 80025 80077
 80015 80073 80020 80062 80083 80007 80047 80043 80025 80042
 80008 80093 80018 80035 80037 80076 80013 80024 80010 80091
 80018 80044 80048 80071 80068 80042 80058 80064 80021 80024
 80023 80021 80072 80009 80028 80037 80050 80053 80053 80012


Array Size = 50
 81051 81016 81036 81094 81091 81075 81050 81017 81077 81065
 81018 81095 81000 81068 81046 81001 81088 81033 81025 81010
 81073 81081 81045 81061 81030 81060 81045 81041 81084 81060
 81058 81004 81021 81049 81073 81033 81061 81009 81066 81062
 81041 81064 81055 81070 81028 81039 81097 81039 81083 81085


Array Size = 50
 82088 82041 82085 82061 82055 82098 82063 82053 82084 82013
 82030 82017 82095 82024 82046 82008 82004 82048 82042 82084
 82033 82093 82070 82038 82078 82043 82012 82059 82075 82045
 82033 82033 82066 82082 82081 82081 82026 82068 82011 82049
 82056 82068 82048 82083 82089 82060 82056 82085 82026 82053


Array Size = 50
 83015 83076 83041 83015 83081 83006 83085 83027 83019 83058
 83045 83025 83037 83047 83042 83019 83077 83040 83031 83064
 83059 83063 83007 83064 83006 83034 83079 83026 83049 83014
 83079 83011 83026 83060 83023 83060 83064 83019 83034 83070
 83053 83022 83064 83013 83076 83077 83042 83032 83044 83071


Array Size = 50
 84019 84020 84083 84014 84042 84033 84046 84044 84005 84047
 84097 84098 84061 84099 84014 84055 84000 84045 84062 84028
 84081 84007 84036 84037 84099 84074 84045 84032 84010 84032
 84055 84034 84006 84042 84095 84054 84071 84087 84078 84024
 84064 84041 84032 84019 84044 84031 84038 84003 84010 84089


Array Size = 50
 85002 85022 85024 85045 85050 85056 85094 85040 85085 85031
 85092 85052 85028 85017 85097 85088 85099 85048 85085 85060
 85021 85058 85079 85023 85089 85022 85075 85005 85002 85087
 85053 85054 85062 85098 85076 85073 85063 85034 85084 85036
 85077 85082 85038 85009 85054 85018 85066 85023 85033 85066


Array Size = 50
 86079 86058 86070 86088 86040 86090 86099 86017 86044 86040
 86061 86064 86046 86024 86026 86092 86064 86067 86013 86089
 86083 86064 86003 86061 86067 86064 86093 86089 86052 86072
 86038 86056 86069 86028 86042 86058 86073 86094 86078 86075
 86009 86002 86008 86019 86012 86061 86095 86089 86056 86024


Array Size = 50
 87097 87049 87014 87086 87062 87067 87090 87042 87000 87054
 87069 87039 87084 87087 87092 87074 87095 87009 87066 87099
 87088 87077 87015 87065 87092 87030 87047 87097 87080 87080
 87083 87002 87097 87034 87009 87087 87066 87051 87045 87061
 87056 87095 87072 87040 87018 87074 87082 87055 87007 87062


Array Size = 50
 88053 88031 88093 88046 88076 88086 88096 88036 88045 88098
 88057 88081 88030 88038 88000 88031 88014 88092 88031 88062
 88098 88061 88019 88059 88086 88054 88029 88098 88077 88086
 88072 88007 88009 88007 88092 88067 88044 88012 88039 88036
 88055 88017 88093 88073 88021 88053 88093 88062 88075 88088


Array Size = 50
 89042 89099 89096 89028 89024 89098 89017 89002 89021 89014
 89061 89085 89026 89036 89050 89031 89031 89028 89060 89031
 89014 89007 89022 89046 89046 89053 89084 89089 89032 89006
 89066 89031 89063 89013 89048 89049 89095 89063 89053 89001
 89019 89027 89096 89048 89024 89055 89097 89071 89080 89050


Array Size = 50
 90064 90080 90085 90006 90083 90095 90056 90045 90067 90062
 90038 90068 90063 90011 90065 90081 90089 90035 90014 90032
 90028 90039 90053 90017 90061 90076 90096 90078 90045 90000
 90060 90037 90070 90020 90050 90003 90086 90036 90098 90092
 90082 90035 90022 90042 90003 90018 90000 90086 90046 90008


Array Size = 50
 91043 91018 91045 91033 91067 91095 91053 91032 91042 91097
 91077 91036 91071 91015 91055 91031 91080 91006 91094 91056
 91058 91083 91099 91014 91021 91069 91074 91040 91029 91070
 91096 91080 91060 91034 91055 91073 91055 91086 91037 91076
 91079 91020 91083 91020 91049 91033 91009 91070 91079 91008


Array Size = 50
 92068 92065 92029 92004 92014 92014 92054 92033 92052 92056
 92095 92049 92033 92099 92010 92096 92024 92063 92006 92007
 92074 92094 92051 92069 92008 92010 92023 92075 92047 92021
 92014 92041 92044 92004 92074 92019 92050 92030 92015 92099
 92055 92008 92080 92055 92011 92062 92064 92099 92003 92029


Array Size = 50
 93048 93049 93051 93000 93069 93099 93032 93010 93017 93061
 93051 93058 93097 93073 93001 93033 93096 93059 93054 93021
 93033 93095 93020 93076 93089 93029 93000 93042 93061 93066
 93020 93065 93066 93057 93092 93062 93091 93040 93059 93076
 93055 93020 93073 93046 93021 93013 93022 93020 93086 93013


Array Size = 50
 94035 94097 94061 94012 94074 94086 94005 94095 94006 94094
 94026 94078 94079 94020 94031 94072 94096 94096 94018 94032
 94083 94087 94050 94073 94016 94036 94058 94015 94001 94019
 94010 94068 94046 94097 94065 94027 94009 94085 94051 94059
 94091 94062 94037 94076 94009 94088 94035 94006 94044 94043


Array Size = 50
 95075 95098 95051 95093 95021 95088 95052 95027 95066 95060
 95018 95015 95037 95024 95082 95015 95030 95080 95026 95016
 95082 95099 95092 95032 95067 95005 95054 95031 95018 95019
 95090 95094 95092 95069 95054 95020 95050 95059 95026 95061
 95054 95054 95032 95035 95059 95063 95098 95078 95008 95033


Array Size = 50
 96028 96086 96073 96091 96096 96010 96011 96013 96038 96015
 96066 96024 96089 96031 96083 96044 96023 96095 96073 96004
 96057 96030 96087 96091 96016 96069 96010 96047 96008 96048
 96025 96043 96097 96002 96064 96041 96051 96030 96012 96067
 96077 96064 96067 96054 96018 96087 96025 96016 96084 96040


Array Size = 50
 97010 97096 97030 97098 97035 97081 97008 97018 97083 97064
 97085 97002 97024 97000 97068 97038 97049 97065 97015 97032
 97099 97009 97050 97030 97051 97068 97072 97042 97073 97046
 97035 97027 97069 97055 97084 97081 97062 97092 97045 97051
 97044 97048 97069 97001 97030 97021 97066 97011 97082 97000


Array Size = 50
 98046 98034 98077 98020 98022 98070 98069 98089 98062 98010
 98026 98001 98011 98040 98091 98027 98033 98077 98015 98021
 98014 98054 98057 98047 98076 98072 98095 98092 98054 98017
 98017 98038 98093 98061 98093 98070 98052 98098 98094 98028
 98069 98059 98009 98067 98033 98099 98062 98035 98009 98065


Array Size = 50
 99025 99006 99044 99056 99036 99060 99027 99002 99096 99038
 99075 99029 99056 99089 99065 99051 99011 99091 99087 99046
 99037 99031 99021 99058 99042 99004 99068 99011 99065 99066
 99068 99033 99044 99012 99092 99065 99063 99001 99020 99005
 99099 99096 99056 99010 99083 99047 99033 99040 99053 99021

7031 97013
 97003 97087 97042 97027 97062 97089 97070 97095 97007 97089
 97024 97060 97043 97032 97043 97030 97044 97064 97084 97046


Array Size = 50
 98047 98094 98031 98085 98041 98074 98053 98045 98077 98078
 98011 98040 98017 98074 98066 98027 98013 98053 98008 98077
 98081 98005 98003 98093 98017 98034 98079 98019 98013 98087
 98065 98067 98024 98006 98079 98052 98083 98071 98004 98046
 98009 98079 98000 98084 98069 98030 98014 98014 98058 98074


Array Size = 50
 99042 99063 99013 99080 99010 99083 99044 99024 99030 99034
 99027 99048 99005 99034 99027 99011 99066 99001 99072 99069
 99031 99046 99008 99019 99050 99098 99082 99000 99045 99046
 99065 99025 99086 99021 99063 99061 99057 99070 99019 99057
 99061 99088 99080 99065 99039 99094 99063 99044 99028 99033

06 94012 94002 94021
 94034 94049

Array Size = 48
 95002 95003 95004 95009 95012 95013 95015 95015 95016 95017
 95018 95023 95024 95026 95027 95030 95031 95034 95034 95034
 95036 95036 95041 95042 95042 95045 95047 95047 95048 95050
 95057 95057 95064 95064 95065 95067 95071 95075 95077 95078
 95080 95086 95086 95088 95088 95094 95098 95099

Array Size = 95
 96006 96038 96074 96031 96096 96098 96046 96099 96089 96038
 96054 96066 96071 96082 96076 96085 96067 96078 96093 96005
 96049 96038 96014 96068 96009 96033 96079 96073 96026 96043
 96060 96082 96086 96045 96087 96013 96003 96027 96000 96006
 96000 96019 96031 96085 96055 96025 96039 96087 96051 96006
 96060 96083 96050 96062 96048 96002 96001 96047 96027 96025
 96081 96065 96054 96031 96093 96003 96078 96091 96045 96049
 96069 96003 96003 96076 96086 96031 96031 96035 96082 96041
 96001 96014 96098 96095 96030 96049 96099 96039 96068 96084
 96054 96045 96020 96077 96051

Array Size = 85
 97000 97000 97002 97004 97006 97006 97007 97007 97010 97010
 97010 97012 97012 97014 97014 97017 97017 97018 97018 97022
 97023 97023 97023 97024 97027 97030 97031 97032 97033 97034
 97035 97037 97037 97037 97037 97037 97039 97039 97039 97040
 97043 97045 97047 97048 97053 97053 97054 97055 97055 97055
 97055 97056 97059 97059 97060 97060 97063 97065 97067 97067
 97068 97068 97069 97070 97071 97071 97074 97074 97074 97075
 97077 97077 97078 97079 97080 97082 97082 97085 97085 97086
 97090 97093 97093 97095 97097

Array Size = 63
 98088 98017 98068 98079 98076 98010 98006 98050 98038 98011
 98001 98059 98087 98038 98066 98099 98054 98090 98046 98085
 98095 98088 98081 98090 98007 98065 98098 98020 98003 98012
 98097 98044 98012 98035 98016 98017 98063 98059 98024 98010
 98098 98002 98029 98040 98026 98041 98015 98021 98008 98075
 98075 98042 98036 98084 98073 98016 98061 98083 98075 98067
 98011 98072 98095

Array Size = 74
 99000 99001 99001 99001 99002 99006 99012 99012 99013 99013
 99015 99017 99018 99022 99023 99024 99026 99026 99027 99027
 99030 99032 99035 99036 99037 99038 99039 99041 99041 99041
 99042 99043 99043 99044 99045 99045 99046 99049 99050 99051
 99051 99051 99052 99053 99053 99055 99057 99059 99059 99059
 99060 99061 99061 99064 99064 99068 99068 99068 99070 99072
 99074 99074 99075 99076 99079 99079 99079 99081 99085 99092
 99092 99094 99094 99096
9009 99009 99010 99010
 99017 99018 99018 99020 99023 99028 99030 99032 99032 99034
 99036 99037 99039 99039 99041 99043 99047 99048 99048 99048
 99049 99049 99050 99051 99051 99052 99055 99056 99059 99061
 99062 99062 99062 99062 99067 99070 99072 99072 99072 99073
 99074 99074 99074 99077 99077 99077 99077 99080 99081 99085
 99086 99086 99088 99092 99092 99093 99094 99095 99095 99096
 99097 99098 99099 99099 99099
65 96011 96090 96097 96086 96012 96030 96066 96059
 96052 96044 96021 96088 96068 96074 96092 96098 96000 96070
 96013 96072 96049 96053 96008 96057 96075 96059 96067 96095
 96032 96052 96044 96090 96016 96025 96070 96050 96041 96007
 96093 96016 96031 96029

Array Size = 52
 97000 97001 97003 97004 97004 97008 97011 97011 97013 97018
 97018 97019 97020 97024 97024 97024 97026 97027 97030 97030
 97030 97031 97035 97036 97039 97039 97040 97042 97043 97044
 97046 97047 97048 97055 97056 97057 97058 97059 97061 97064
 97065 97067 97067 97070 97077 97078 97078 97079 97082 97083
 97088 97097

Array Size = 58
 98055 98097 98046 98085 98074 98088 98066 98084 98043 98067
 98046 98078 98035 98073 98041 98077 98059 98026 98083 98051
 98050 98020 98053 98091 98093 98013 98064 98012 98089 98018
 98017 98009 98070 98077 98001 98080 98023 98060 98009 98079
 98046 98078 98053 98095 98019 98036 98040 98001 98096 98002
 98078 98099 98004 98022 98030 98034 98003 98029

Array Size = 90
 99000 99002 99003 99004 99006 99006 99008 99009 99010 99011
 99012 99014 99014 99015 99015 99019 99020 99023 99023 99024
 99025 99025 99025 99025 99026 99026 99028 99033 99034 99036
 99037 99038 99040 99040 99042 99042 99044 99045 99045 99045
 99048 99050 99051 99054 99054 99054 99055 99056 99056 99057
 99059 99060 99062 99062 99063 99066 99068 99070 99071 99071
 99073 99073 99074 99075 99077 99080 99080 99081 99081 99081
 99082 99087 99087 99091 99091 99092 99093 99093 99093 99093
 99093 99094 99097 99097 99097 99097 99098 99098 99099 99099

